0.000000e+00  1.0000000000e+00  1.0000000000e+00
5.000000e-02  9.8015533781e-01  9.8015583019e-01
1.000000e-01  9.2244028387e-01  9.2244191648e-01
1.500000e-01  8.3198179884e-01  8.3198503730e-01
2.000000e-01  7.1635200208e-01  7.1635731280e-01
2.500000e-01  5.8446632450e-01  5.8447405443e-01
3.000000e-01  4.4552524927e-01  4.4553533933e-01
3.500000e-01  3.0816178856e-01  3.0817348829e-01
4.000000e-01  1.7983393713e-01  1.7984565606e-01
4.500000e-01  6.6446379078e-02  6.6455734202e-02
5.000000e-01  -2.7826582722e-02  -2.7822537604e-02
5.500000e-01  -1.0054752061e-01  -1.0055192765e-01
6.000000e-01  -1.5088729789e-01  -1.5090307720e-01
6.500000e-01  -1.7941014721e-01  -1.7943959030e-01
7.000000e-01  -1.8782115633e-01  -1.8786559757e-01
7.500000e-01  -1.7871101860e-01  -1.7877062625e-01
8.000000e-01  -1.5531121115e-01  -1.5538492338e-01
8.500000e-01  -1.2125732331e-01  -1.2134293840e-01
9.000000e-01  -8.0356259605e-02  -8.0450653853e-02
9.500000e-01  -3.6361697162e-02  -3.6461137092e-02
1.000000e+00  7.2283857316e-03  7.1278885224e-03
1.050000e+00  4.7336520332e-02  4.7238860249e-02
1.100000e+00  8.1425772563e-02  8.1334450399e-02
1.150000e+00  1.0757449225e-01  1.0749238051e-01
1.200000e+00  1.2451048971e-01  1.2443966251e-01
1.250000e+00  1.3161217160e-01  1.3155379257e-01
1.300000e+00  1.2888198024e-01  1.2883624922e-01
1.350000e+00  1.1689578862e-01  1.1686194793e-01
1.400000e+00  9.6727346142e-02  9.6703755043e-02
1.450000e+00  6.9848580826e-02  6.9832849967e-02
1.500000e+00  3.8006909427e-02  3.7996097112e-02
1.550000e+00  3.0896919033e-03  3.0805395226e-03
1.600000e+00  -3.3008993291e-02  -3.3019786641e-02
1.650000e+00  -6.8506812258e-02  -6.8522409289e-02
1.700000e+00  -1.0182743088e-01  -1.0185061438e-01
1.750000e+00  -1.3166757197e-01  -1.3170060290e-01
1.800000e+00  -1.5703846542e-01  -1.5708296979e-01
1.850000e+00  -1.7728637911e-01  -1.7734329237e-01
1.900000e+00  -1.9209657768e-01  -1.9216611507e-01
1.950000e+00  -2.0148345828e-01  -2.0156513731e-01
2.000000e+00  -2.0576731162e-01  -2.0586006285e-01
2.050000e+00  -2.0553463168e-01  -2.0563686815e-01
2.100000e+00  -2.0158163323e-01  -2.0169132181e-01
2.150000e+00  -1.9484441524e-01  -1.9495921676e-01
2.200000e+00  -1.8632267731e-01  -1.8644006364e-01
2.250000e+00  -1.7700654080e-01  -1.7712397165e-01
2.300000e+00  -1.6781567229e-01  -1.6793070004e-01
2.350000e+00  -1.5955431017e-01  -1.5966480333e-01
2.400000e+00  -1.5288312558e-01  -1.5298731801e-01
2.450000e+00  -1.4830400300e-01  -1.4840066236e-01
2.500000e+00  -1.4615181308e-01  -1.4624028572e-01
2.550000e+00  -1.4659062934e-01  -1.4667084813e-01
2.600000e+00  -1.4961454446e-01  -1.4968702182e-01
2.650000e+00  -1.5505600222e-01  -1.5512171829e-01
2.700000e+00  -1.6260602384e-01  -1.6266627236e-01
2.750000e+00  -1.7184651200e-01  -1.7190284435e-01
2.800000e+00  -1.8229156396e-01  -1.8234575934e-01
2.850000e+00  -1.9343046251e-01  -1.9348448828e-01
2.900000e+00  -2.0476593343e-01  -2.0482191467e-01
2.950000e+00  -2.1584294321e-01  -2.1590307918e-01
3.000000e+00  -2.2626674773e-01  -2.2633311364e-01
3.050000e+00  -2.3571300943e-01  -2.3578735708e-01
3.100000e+00  -2.4393405789e-01  -2.4401757961e-01
3.150000e+00  -2.5076415332e-01  -2.5085729379e-01
3.200000e+00  -2.5612435907e-01  -2.5622686890e-01
3.250000e+00  -2.6002545249e-01  -2.6013646862e-01
3.300000e+00  -2.6256483213e-01  -2.6268307794e-01
3.350000e+00  -2.6391503980e-01  -2.6403899262e-01
3.400000e+00  -2.6430402449e-01  -2.6443201587e-01
3.450000e+00  -2.6399024433e-01  -2.6412052119e-01
3.500000e+00  -2.6323794109e-01  -2.6336880016e-01
3.550000e+00  -2.6229797706e-01  -2.6242789074e-01
3.600000e+00  -2.6139589423e-01  -2.6152359399e-01
3.650000e+00  -2.6072680999e-01  -2.6085134795e-01
3.700000e+00  -2.6045382296e-01  -2.6057455682e-01
3.750000e+00  -2.6070588166e-01  -2.6082243331e-01
3.800000e+00  -2.6157323095e-01  -2.6168545448e-01
3.850000e+00  -2.6310134061e-01  -2.6320928996e-01
3.900000e+00  -2.6528629948e-01  -2.6539023278e-01
3.950000e+00  -2.6807526200e-01  -2.6817563483e-01
4.000000e+00  -2.7137411180e-01  -2.7147156357e-01
4.050000e+00  -2.7506106556e-01  -2.7515641125e-01
4.100000e+00  -2.7900272785e-01  -2.7909694944e-01
4.150000e+00  -2.8306811978e-01  -2.8316233797e-01
4.200000e+00  -2.8713723176e-01  -2.8723259952e-01
4.250000e+00  -2.9110380992e-01  -2.9120142404e-01
4.300000e+00  -2.9487441085e-01  -2.9497522395e-01
4.350000e+00  -2.9836742435e-01  -2.9847216595e-01
4.400000e+00  -3.0151477990e-01  -3.0162396230e-01
4.450000e+00  -3.0426711317e-01  -3.0438103331e-01
4.500000e+00  -3.0660023406e-01  -3.0671894703e-01
4.550000e+00  -3.0851964265e-01  -3.0864297735e-01
4.600000e+00  -3.1006012991e-01  -3.1018769586e-01
4.650000e+00  -3.1127927120e-01  -3.1141044248e-01
4.700000e+00  -3.1224692612e-01  -3.1238088825e-01
4.750000e+00  -3.1303432962e-01  -3.1317014953e-01
4.800000e+00  -3.1370645964e-01  -3.1384313305e-01
4.850000e+00  -3.1431965326e-01  -3.1445619396e-01
4.900000e+00  -3.1492349006e-01  -3.1505899834e-01
4.950000e+00  -3.1556424387e-01  -3.1569795151e-01
5.000000e+00  -3.1628635293e-01  -3.1641768790e-01
5.050000e+00  -3.1713012242e-01  -3.1725873770e-01
5.100000e+00  -3.1812617059e-01  -3.1825192370e-01
5.150000e+00  -3.1928937026e-01  -3.1941232169e-01
5.200000e+00  -3.2061537589e-01  -3.2073575359e-01
5.250000e+00  -3.2208205399e-01  -3.2220022520e-01
5.300000e+00  -3.2365556592e-01  -3.2377199521e-01
5.350000e+00  -3.2529849511e-01  -3.2541372879e-01
5.400000e+00  -3.2697688810e-01  -3.2709151937e-01
5.450000e+00  -3.2866335533e-01  -3.2877795595e-01
5.500000e+00  -3.3033576379e-01  -3.3045083216e-01
5.550000e+00  -3.3197333536e-01  -3.3208926823e-01
5.600000e+00  -3.3355317337e-01  -3.3367024119e-01
5.650000e+00  -3.3504981049e-01  -3.3516816252e-01
5.700000e+00  -3.3643858719e-01  -3.3655822366e-01
5.750000e+00  -3.3770131289e-01  -3.3782213893e-01
5.800000e+00  -3.3883138029e-01  -3.3895320189e-01
5.850000e+00  -3.3983557000e-01  -3.3995815359e-01
5.900000e+00  -3.4073152812e-01  -3.4085462085e-01
5.950000e+00  -3.4154183191e-01  -3.4166520126e-01
6.000000e+00  -3.4228768235e-01  -3.4241114560e-01
6.050000e+00  -3.4298477381e-01  -3.4310821336e-01
6.100000e+00  -3.4364317402e-01  -3.4376654232e-01
6.150000e+00  -3.4427056459e-01  -3.4439388162e-01
6.200000e+00  -3.4487653981e-01  -3.4499991146e-01
6.250000e+00  -3.4547529921e-01  -3.4559884336e-01
6.300000e+00  -3.4608482022e-01  -3.4620866274e-01
6.350000e+00  -3.4672277765e-01  -3.4684700832e-01
6.400000e+00  -3.4740118676e-01  -3.4752584695e-01
6.450000e+00  -3.4812264321e-01  -3.4824768943e-01
6.500000e+00  -3.4888001138e-01  -3.4900537665e-01
6.550000e+00  -3.4965996842e-01  -3.4978556007e-01
6.600000e+00  -3.5044854352e-01  -3.5057426729e-01
6.650000e+00  -3.5123588381e-01  -3.5136166760e-01
6.700000e+00  -3.5201805504e-01  -3.5214385463e-01
6.750000e+00  -3.5279520802e-01  -3.5292100073e-01
6.800000e+00  -3.5356741009e-01  -3.5369318347e-01
6.850000e+00  -3.5433068843e-01  -3.5445643632e-01
6.900000e+00  -3.5507558784e-01  -3.5520130473e-01
6.950000e+00  -3.5578916887e-01  -3.5591485644e-01
7.000000e+00  -3.5645950729e-01  -3.5658517658e-01
7.050000e+00  -3.5708030945e-01  -3.5720597431e-01
7.100000e+00  -3.5765324183e-01  -3.5777890834e-01
7.150000e+00  -3.5818676572e-01  -3.5831244341e-01
7.200000e+00  -3.5869205066e-01  -3.5881770568e-01
7.250000e+00  -3.5917810678e-01  -3.5930370393e-01
7.300000e+00  -3.5964871171e-01  -3.5977417559e-01
7.350000e+00  -3.6010240484e-01  -3.6022764336e-01
7.400000e+00  -3.6053558843e-01  -3.6066051175e-01
7.450000e+00  -3.6094675017e-01  -3.6107129043e-01
7.500000e+00  -3.6133946874e-01  -3.6146358792e-01
7.550000e+00  -3.6172249220e-01  -3.6184620363e-01
7.600000e+00  -3.6210681213e-01  -3.6223014370e-01
7.650000e+00  -3.6250118898e-01  -3.6262421684e-01
7.700000e+00  -3.6290861345e-01  -3.6303142982e-01
7.750000e+00  -3.6332543199e-01  -3.6344814080e-01
7.800000e+00  -3.6374366998e-01  -3.6386637806e-01
7.850000e+00  -3.6415524314e-01  -3.6427807017e-01
7.900000e+00  -3.6455589315e-01  -3.6467893834e-01
7.950000e+00  -3.6494673152e-01  -3.6507008026e-01
8.000000e+00  -3.6533272885e-01  -3.6545644359e-01
