0.000000e+00  1.0000000000e+00  0.0000000000e+00  1.0000000000e+00  0.0000000000e+00
2.067069e+01  9.9993342720e-01  2.0931594458e-03  9.9993491109e-01  -2.0930347820e-03
4.134137e+01  9.9973698451e-01  4.1779200364e-03  9.9973993391e-01  -4.1776715961e-03
6.201206e+01  9.9941154671e-01  6.2459271978e-03  9.9941593509e-01  -6.2455566855e-03
8.268275e+01  9.9895855952e-01  8.2889144640e-03  9.9896435258e-01  -8.2884243094e-03
1.033534e+02  9.9838002995e-01  1.0298746481e-02  9.9838718595e-01  -1.0298139742e-02
1.240241e+02  9.9767851292e-01  1.2267460818e-02  9.9768698309e-01  -1.2266741083e-02
1.446948e+02  9.9685709429e-01  1.4187308216e-02  9.9686682339e-01  -1.4186479506e-02
1.653655e+02  9.9591937076e-01  1.6050790950e-02  9.9593029754e-01  -1.6049857624e-02
1.860362e+02  9.9486942657e-01  1.7850698973e-02  9.9488148435e-01  -1.7849665637e-02
2.067069e+02  9.9371180748e-01  1.9580143597e-02  9.9372492477e-01  -1.9579015026e-02
2.273776e+02  9.9245149228e-01  2.1232588463e-02  9.9246559335e-01  -2.1231369523e-02
2.480482e+02  9.9109386211e-01  2.2801877611e-02  9.9110886764e-01  -2.2800573200e-02
2.687189e+02  9.8964466802e-01  2.4282260511e-02  9.8966049570e-01  -2.4280875499e-02
2.893896e+02  9.8810999698e-01  2.5668413941e-02  9.8812656215e-01  -2.5666953128e-02
3.100603e+02  9.8649623676e-01  2.6955460653e-02  9.8651345304e-01  -2.6953928735e-02
3.307310e+02  9.8481004012e-01  2.8138984809e-02  9.8482782002e-01  -2.8137386350e-02
3.514017e+02  9.8305828837e-01  2.9215044206e-02  9.8307654390e-01  -2.9213383620e-02
3.720724e+02  9.8124805496e-01  3.0180179338e-02  9.8126669819e-01  -3.0178460875e-02
3.927431e+02  9.7938656904e-01  3.1031419386e-02  9.7940551268e-01  -3.1029647127e-02
4.134137e+02  9.7748117961e-01  3.1766285252e-02  9.7750033752e-01  -3.1764463108e-02
4.340844e+02  9.7553932026e-01  3.2382789784e-02  9.7555860795e-01  -3.2380921498e-02
4.547551e+02  9.7356847482e-01  3.2879435336e-02  9.7358780988e-01  -3.2877524487e-02
4.754258e+02  9.7157614415e-01  3.3255208863e-02  9.7159544666e-01  -3.3253258874e-02
4.960965e+02  9.6956981418e-01  3.3509574730e-02  9.6958900704e-01  -3.3507588877e-02
5.167672e+02  9.6755692537e-01  3.3642465430e-02  9.6757593463e-01  -3.3640446849e-02
5.374379e+02  9.6554484371e-01  3.3654270432e-02  9.6556359879e-01  -3.3652222132e-02
5.581086e+02  9.6354083335e-01  3.3545823345e-02  9.6355926723e-01  -3.3543748216e-02
5.787792e+02  9.6155203092e-01  3.3318387620e-02  9.6157008026e-01  -3.3316288439e-02
5.994499e+02  9.5958542154e-01  3.2973640970e-02  9.5960302676e-01  -3.2971520419e-02
6.201206e+02  9.5764781662e-01  3.2513658727e-02  9.5766492193e-01  -3.2511519391e-02
6.407913e+02  9.5574583339e-01  3.1940896293e-02  9.5576238678e-01  -3.1938740670e-02
6.614620e+02  9.5388587615e-01  3.1258170872e-02  9.5390182929e-01  -3.1256001380e-02
6.821327e+02  9.5207411924e-01  3.0468642654e-02  9.5208942740e-01  -3.0466461628e-02
7.028034e+02  9.5031649161e-01  2.9575795574e-02  9.5033111353e-01  -2.9573605273e-02
7.234741e+02  9.4861866303e-01  2.8583417812e-02  9.4863256073e-01  -2.8581220411e-02
7.441447e+02  9.4698603179e-01  2.7495582135e-02  9.4699917045e-01  -2.7493379728e-02
7.648154e+02  9.4542371388e-01  2.6316626200e-02  9.4543606161e-01  -2.6314420791e-02
7.854861e+02  9.4393653353e-01  2.5051132913e-02  9.4394806122e-01  -2.5048926411e-02
8.061568e+02  9.4252901506e-01  2.3703910922e-02  9.4253969617e-01  -2.3701705133e-02
8.268275e+02  9.4120537592e-01  2.2279975319e-02  9.4121518631e-01  -2.2277771937e-02
8.474982e+02  9.3996952089e-01  2.0784528604e-02  9.3997843868e-01  -2.0782329206e-02
8.681689e+02  9.3882503731e-01  1.9222941966e-02  9.3883304270e-01  -1.9220747996e-02
8.888396e+02  9.3777519131e-01  1.7600736900e-02  9.3778226648e-01  -1.7598549666e-02
9.095102e+02  9.3682292487e-01  1.5923567207e-02  9.3682905387e-01  -1.5921387871e-02
9.301809e+02  9.3597085375e-01  1.4197201377e-02  9.3597602242e-01  -1.4195030950e-02
9.508516e+02  9.3522126619e-01  1.2427505374e-02  9.3522546212e-01  -1.2425344714e-02
9.715223e+02  9.3457612223e-01  1.0620425821e-02  9.3457933470e-01  -1.0618275629e-02
9.921930e+02  9.3403705370e-01  8.7819735799e-03  9.3403927372e-01  -8.7798344066e-03
1.012864e+03  9.3360536478e-01  6.9182077235e-03  9.3360658508e-01  -6.9160799726e-03
1.033534e+03  9.3328203310e-01  5.0352198754e-03  9.3328224816e-01  -5.0331038161e-03
1.054205e+03  9.3306771126e-01  3.1391189094e-03  9.3306691736e-01  -3.1370146913e-03
1.074876e+03  9.3296272889e-01  1.2360159837e-03  9.3296092417e-01  -1.2339236558e-03
1.095546e+03  9.3296709508e-01  -6.6799011166e-04  9.3296427955e-01  6.7007057836e-04
1.116217e+03  9.3308050117e-01  -2.5668273170e-03  9.3307667676e-01  2.5688960047e-03
1.136888e+03  9.3330232394e-01  -4.4544644007e-03  9.3329749460e-01  4.4565214184e-03
1.157558e+03  9.3363162922e-01  -6.3249248153e-03  9.3362580084e-01  6.3269702732e-03
1.178229e+03  9.3406717571e-01  -8.1723003378e-03  9.3406035622e-01  8.1743343234e-03
1.198900e+03  9.3460741923e-01  -9.9907645163e-03  9.3459961858e-01  9.9927870740e-03
1.219571e+03  9.3525051735e-01  -1.1774585945e-02  9.3524174748e-01  1.1776597062e-02
1.240241e+03  9.3599433423e-01  -1.3518141389e-02  9.3598460910e-01  1.3520140984e-02
1.260912e+03  9.3683644599e-01  -1.5215928769e-02  9.3682578152e-01  1.5217916697e-02
1.281583e+03  9.3777414631e-01  -1.6862580034e-02  9.3776256039e-01  1.6864556089e-02
1.302253e+03  9.3880445252e-01  -1.8452873914e-02  9.3879196494e-01  1.8454837854e-02
1.322924e+03  9.3992411204e-01  -1.9981748581e-02  9.3991074444e-01  1.9983700152e-02
1.343595e+03  9.4112960927e-01  -2.1444314200e-02  9.4111538514e-01  2.1446253180e-02
1.364265e+03  9.4241717296e-01  -2.2835865388e-02  9.4240211755e-01  2.2837791639e-02
1.384936e+03  9.4378278402e-01  -2.4151893565e-02  9.4376692435e-01  2.4153807095e-02
1.405607e+03  9.4522218385e-01  -2.5388099190e-02  9.4520554868e-01  2.5390000223e-02
1.426277e+03  9.4673088323e-01  -2.6540403870e-02  9.4671350310e-01  2.6542292925e-02
1.446948e+03  9.4830417177e-01  -2.7604962315e-02  9.4828607902e-01  2.7606840289e-02
1.467619e+03  9.4993712795e-01  -2.8578174129e-02  9.4991835679e-01  2.8580042382e-02
1.488289e+03  9.5162462983e-01  -2.9456695385e-02  9.5160521641e-01  2.9458555823e-02
1.508960e+03  9.5336136634e-01  -3.0237449977e-02  9.5334134885e-01  3.0239305130e-02
1.529631e+03  9.5514184935e-01  -3.0917640676e-02  9.5512126813e-01  3.0919493775e-02
1.550302e+03  9.5696042638e-01  -3.1494759880e-02  9.5693932403e-01  3.1496614921e-02
1.570972e+03  9.5881129402e-01  -3.1966599984e-02  9.5878971549e-01  3.1968461776e-02
1.591643e+03  9.6068851214e-01  -3.2331263321e-02  9.6066650487e-01  3.2333137528e-02
1.612314e+03  9.6258601881e-01  -3.2587171631e-02  9.6256363280e-01  3.2589064789e-02
1.632984e+03  9.6449764596e-01  -3.2733074970e-02  9.6447493384e-01  3.2734994495e-02
1.653655e+03  9.6641713578e-01  -3.2768060020e-02  9.6639415290e-01  3.2770014192e-02
1.674326e+03  9.6833815791e-01  -3.2691557722e-02  9.6831496239e-01  3.2693555642e-02
1.694996e+03  9.7025432728e-01  -3.2503350151e-02  9.7023098001e-01  3.2505401686e-02
1.715667e+03  9.7215922277e-01  -3.2203576581e-02  9.7213578739e-01  3.2205692282e-02
1.736338e+03  9.7404640640e-01  -3.1792738655e-02  9.7402294927e-01  3.1794929648e-02
1.757008e+03  9.7590944331e-01  -3.1271704579e-02  9.7588603343e-01  3.1273982442e-02
1.777679e+03  9.7774192227e-01  -3.0641712289e-02  9.7771863113e-01  3.0644088901e-02
1.798350e+03  9.7953747675e-01  -2.9904371489e-02  9.7951437818e-01  2.9906858863e-02
1.819020e+03  9.8128980653e-01  -2.9061664514e-02  9.8126697646e-01  2.9064274611e-02
1.839691e+03  9.8299269965e-01  -2.8115945930e-02  9.8297021589e-01  2.8118690463e-02
1.860362e+03  9.8464005487e-01  -2.7069940822e-02  9.8461799673e-01  2.7072831043e-02
1.881033e+03  9.8622590423e-01  -2.5926741686e-02  9.8620435223e-01  2.5929788175e-02
1.901703e+03  9.8774443591e-01  -2.4689803901e-02  9.8772347135e-01  2.4693016346e-02
1.922374e+03  9.8919001719e-01  -2.3362939694e-02  9.8916972169e-01  2.3366326684e-02
1.943045e+03  9.9055721730e-01  -2.1950310588e-02  9.9053767234e-01  2.1953879402e-02
1.963715e+03  9.9184083022e-01  -2.0456418268e-02  9.9182211664e-01  2.0460174694e-02
1.984386e+03  9.9303589723e-01  -1.8886093864e-02  9.9301809468e-01  1.8890042024e-02
2.005057e+03  9.9413772908e-01  -1.7244485617e-02  9.9412091545e-01  1.7248627823e-02
2.025727e+03  9.9514192768e-01  -1.5537044918e-02  9.9512617858e-01  1.5541381553e-02
2.046398e+03  9.9604440715e-01  -1.3769510740e-02  9.9602979534e-01  1.3774040167e-02
2.067069e+03  9.9684141418e-01  -1.1947892464e-02  9.9682800899e-01  1.1952610969e-02
2.087739e+03  9.9752954746e-01  -1.0078451116e-02  9.9751741429e-01  1.0083352882e-02
2.108410e+03  9.9810577607e-01  -8.1676790836e-03  9.9809497587e-01  8.1727561932e-03
2.129081e+03  9.9856745684e-01  -6.2222783215e-03  9.9855804561e-01  6.2275207938e-03
2.149751e+03  9.9891235029e-01  -4.2491371416e-03  9.9890437862e-01  4.2545329929e-03
2.170422e+03  9.9913863526e-01  -2.2553056415e-03  9.9913214794e-01  2.2608409726e-03
2.191093e+03  9.9924492199e-01  -2.4796986601e-04  9.9923995761e-01  2.5362896968e-04
2.211764e+03  9.9923026352e-01  1.7655752023e-03  9.9922685413e-01  -1.7598097155e-03
2.232434e+03  9.9909416535e-01  3.7779537137e-03  9.9909233621e-01  -3.7721007758e-03
2.253105e+03  9.9883659326e-01  5.7817379615e-03  9.9883636260e-01  -5.7758178967e-03
2.273776e+03  9.9845797913e-01  7.7694782001e-03  9.9845935792e-01  -7.7635125670e-03
2.294446e+03  9.9795922476e-01  9.7337331298e-03  9.9796221661e-01  -9.7277445580e-03
2.315117e+03  9.9734170349e-01  1.1667100896e-02  9.9734630452e-01  -1.1661112920e-02
2.335788e+03  9.9660725974e-01  1.3562250446e-02  9.9661345855e-01  -1.3556287337e-02
2.356458e+03  9.9575820624e-01  1.5411953068e-02  9.9576598388e-01  -1.5406039669e-02
2.377129e+03  9.9479731906e-01  1.7209113958e-02  9.9480664905e-01  -1.7203275514e-02
2.397800e+03  9.9372783025e-01  1.8946803613e-02  9.9373867865e-01  -1.8941065607e-02
2.418470e+03  9.9255341834e-01  2.0618288887e-02  9.9256574379e-01  -2.0612676876e-02
2.439141e+03  9.9127819640e-01  2.2217063520e-02  9.9129195030e-01  -2.2211602972e-02
2.459812e+03  9.8990669797e-01  2.3736877958e-02  9.8992182453e-01  -2.3731594088e-02
2.480482e+03  9.8844386066e-01  2.5171768277e-02  9.8846029714e-01  -2.5166685884e-02
2.501153e+03  9.8689500768e-01  2.6516084031e-02  9.8691268457e-01  -2.6511227337e-02
2.521824e+03  9.8526582727e-01  2.7764514858e-02  9.8528466847e-01  -2.7759907341e-02
2.542495e+03  9.8356235003e-01  2.8912115654e-02  9.8358227320e-01  -2.8907779885e-02
2.563165e+03  9.8179092455e-01  2.9954330164e-02  9.8181184137e-01  -2.9950287645e-02
2.583836e+03  9.7995819108e-01  3.0887012835e-02  9.7998000762e-01  -3.0883283836e-02
2.604507e+03  9.7807105370e-01  3.1706448780e-02  9.7809367083e-01  -3.1703052175e-02
2.625177e+03  9.7613665097e-01  3.2409371718e-02  9.7615996478e-01  -3.2406324835e-02
2.645848e+03  9.7416232520e-01  3.2992979785e-02  9.7418622754e-01  -3.2990298249e-02
2.666519e+03  9.7215559071e-01  3.3454949085e-02  9.7217996966e-01  -3.3452646675e-02
2.687189e+03  9.7012410092e-01  3.3793444906e-02  9.7014884142e-01  -3.3791533421e-02
2.707860e+03  9.6807561484e-01  3.4007130523e-02  9.6810059927e-01  -3.4005619654e-02
2.728531e+03  9.6601796282e-01  3.4095173525e-02  9.6604307175e-01  -3.4094070742e-02
2.749201e+03  9.6395901204e-01  3.4057249620e-02  9.6398412488e-01  -3.4056560073e-02
2.769872e+03  9.6190663173e-01  3.3893543900e-02  9.6193162751e-01  -3.3893270338e-02
2.790543e+03  9.5986865843e-01  3.3604749561e-02  9.5989341659e-01  -3.3604892264e-02
2.811213e+03  9.5785286154e-01  3.3192064077e-02  9.5787726270e-01  -3.3192620815e-02
2.831884e+03  9.5586690918e-01  3.2657182872e-02  9.5589083597e-01  -3.2658148876e-02
2.852555e+03  9.5391833484e-01  3.2002290523e-02  9.5394167266e-01  -3.2003658484e-02
2.873226e+03  9.5201450474e-01  3.1230049571e-02  9.5203714252e-01  -3.1231809660e-02
2.893896e+03  9.5016258623e-01  3.0343587012e-02  9.5018441716e-01  -3.0345726921e-02
2.914567e+03  9.4836951739e-01  2.9346478568e-02  9.4839043960e-01  -2.9348983572e-02
2.935238e+03  9.4664197799e-01  2.8242730848e-02  9.4666189517e-01  -2.8245583892e-02
2.955908e+03  9.4498636194e-01  2.7036761533e-02  9.4500518389e-01  -2.7039943333e-02
2.976579e+03  9.4340875138e-01  2.5733377710e-02  9.4342639454e-01  -2.5736866876e-02
2.997250e+03  9.4191489258e-01  2.4337752519e-02  9.4193128047e-01  -2.4341525694e-02
3.017920e+03  9.4051017374e-01  2.2855400258e-02  9.4052523728e-01  -2.2859432274e-02
3.038591e+03  9.3919960470e-01  2.1292150135e-02  9.3921328258e-01  -2.1296414174e-02
3.059262e+03  9.3798779886e-01  1.9654118816e-02  9.3800003775e-01  -1.9658586590e-02
3.079932e+03  9.3687895710e-01  1.7947681965e-02  9.3688971184e-01  -1.7952323905e-02
3.100603e+03  9.3587685401e-01  1.6179444960e-02  9.3588608767e-01  -1.6184230401e-02
3.121274e+03  9.3498482623e-01  1.4356212945e-02  9.3499251021e-01  -1.4361110331e-02
3.141944e+03  9.3420576310e-01  1.2484960426e-02  9.3421187708e-01  -1.2489937507e-02
3.162615e+03  9.3354209951e-01  1.0572800572e-02  9.3354663138e-01  -1.0577824608e-02
3.183286e+03  9.3299581097e-01  8.6269543960e-03  9.3299875669e-01  -8.6319923628e-03
3.203957e+03  9.3256841087e-01  6.6547199953e-03  9.3256977428e-01  -6.6597387834e-03
3.224627e+03  9.3226094987e-01  4.6634419949e-03  9.3226074245e-01  -4.6684086132e-03
3.245298e+03  9.3207401737e-01  2.6604813606e-03  9.3207225797e-01  -2.6653631332e-03
3.265969e+03  9.3200774506e-01  6.5318571974e-04  9.3200445955e-01  -6.5795047936e-04
3.286639e+03  9.3206181235e-01  -1.3511396727e-03  9.3205703323e-01  1.3465233971e-03
3.307310e+03  9.3223545368e-01  -3.3452601981e-03  9.3222921970e-01  3.3408229997e-03
3.327981e+03  9.3252746767e-01  -5.3220392486e-03  9.3251982332e-01  5.3178106693e-03
3.348651e+03  9.3293622784e-01  -7.2744646055e-03  9.3292722292e-01  7.2704729703e-03
3.369322e+03  9.3345969506e-01  -9.1956737201e-03  9.3344938411e-01  9.1919459804e-03
3.389993e+03  9.3409543137e-01  -1.1078977805e-02  9.3408387317e-01  1.1075539392e-02
3.410663e+03  9.3484061521e-01  -1.2917884650e-02  9.3482787218e-01  1.2914759340e-02
3.431334e+03  9.3569205796e-01  -1.4706120092e-02  9.3567819559e-01  1.4703329880e-02
3.452005e+03  9.3664622156e-01  -1.6437648058e-02  9.3663130782e-01  1.6435213047e-02
3.472675e+03  9.3769923721e-01  -1.8106689133e-02  9.3768334195e-01  1.8104627434e-02
3.493346e+03  9.3884692498e-01  -1.9707737584e-02  9.3883011932e-01  1.9706065231e-02
3.514017e+03  9.4008481413e-01  -2.1235576810e-02  9.4006716987e-01  2.1234307694e-02
3.534688e+03  9.4140816416e-01  -2.2685293174e-02  9.4138975325e-01  2.2684438988e-02
3.555358e+03  9.4281198636e-01  -2.4052288192e-02  9.4279288030e-01  2.4051858399e-02
3.576029e+03  9.4429106563e-01  -2.5332289066e-02  9.4427133502e-01  2.5332290883e-02
3.596700e+03  9.4583998269e-01  -2.6521357566e-02  9.4581969675e-01  2.6521795975e-02
3.617370e+03  9.4745313626e-01  -2.7615897267e-02  9.4743236241e-01  2.7616775041e-02
3.638041e+03  9.4912476520e-01  -2.8612659176e-02  9.4910356873e-01  2.8613976932e-02
3.658712e+03  9.5084897052e-01  -2.9508745791e-02  9.5082741433e-01  2.9510502062e-02
3.679382e+03  9.5261973701e-01  -3.0301613648e-02  9.5259788137e-01  3.0303804983e-02
3.700053e+03  9.5443095443e-01  -3.0989074448e-02  9.5440885688e-01  3.0991695525e-02
3.720724e+03  9.5627643815e-01  -3.1569294837e-02  9.5625415343e-01  3.1572338598e-02
3.741394e+03  9.5814994915e-01  -3.2040794955e-02  9.5812752920e-01  3.2044252758e-02
3.762065e+03  9.6004521319e-01  -3.2402445882e-02  9.6002270725e-01  3.2406307665e-02
3.782736e+03  9.6195593923e-01  -3.2653466091e-02  9.6193339398e-01  3.2657720546e-02
3.803406e+03  9.6387583696e-01  -3.2793417064e-02  9.6385329668e-01  3.2798051819e-02
3.824077e+03  9.6579863339e-01  -3.2822198210e-02  9.6577614023e-01  3.2827200014e-02
3.844748e+03  9.6771808853e-01  -3.2740041221e-02  9.6769568283e-01  3.2745396128e-02
3.865419e+03  9.6962801022e-01  -3.2547504019e-02  9.6960573079e-01  3.2553197573e-02
3.886089e+03  9.7152226808e-01  -3.2245464430e-02  9.7150015258e-01  3.2251481836e-02
3.906760e+03  9.7339480660e-01  -3.1835113706e-02  9.7337289193e-01  3.1841439990e-02
3.927431e+03  9.7523965761e-01  -3.1317950005e-02  9.7521798027e-01  3.1324570166e-02
3.948101e+03  9.7705095205e-01  -3.0695771939e-02  9.7702954855e-01  3.0702671076e-02
3.968772e+03  9.7882293131e-01  -2.9970672247e-02  9.7880183850e-01  2.9977835674e-02
3.989443e+03  9.8054995808e-01  -2.9145031661e-02  9.8052921353e-01  2.9152444992e-02
4.010113e+03  9.8222652704e-01  -2.8221512976e-02  9.8220616930e-01  2.8229162194e-02
4.030784e+03  9.8384727538e-01  -2.7203055342e-02  9.8382734425e-01  2.7210926845e-02
4.051455e+03  9.8540699327e-01  -2.6092868742e-02  9.8538753006e-01  2.6100949366e-02
4.072125e+03  9.8690063460e-01  -2.4894428609e-02  9.8688168225e-01  2.4902705629e-02
4.092796e+03  9.8832332780e-01  -2.3611470507e-02  9.8830493100e-01  2.3619931617e-02
4.113467e+03  9.8967038709e-01  -2.2247984776e-02  9.8965259237e-01  2.2256618055e-02
4.134137e+03  9.9093732418e-01  -2.0808211024e-02  9.9092017988e-01  2.0817004878e-02
4.154808e+03  9.9211986035e-01  -1.9296632331e-02  9.9210341659e-01  1.9305575424e-02
4.175479e+03  9.9321393913e-01  -1.7717969010e-02  9.9319824765e-01  1.7727050184e-02
4.196150e+03  9.9421573950e-01  -1.6077171786e-02  9.9420085348e-01  1.6086379963e-02
4.216820e+03  9.9512168949e-01  -1.4379414201e-02  9.9510766330e-01  1.4388738286e-02
4.237491e+03  9.9592848030e-01  -1.2630084123e-02  9.9591536919e-01  1.2639512896e-02
4.258162e+03  9.9663308080e-01  -1.0834774171e-02  9.9662094050e-01  1.0844296181e-02
4.278832e+03  9.9723275217e-01  -8.9992709376e-03  9.9722163849e-01  9.0088743924e-03
4.299503e+03  9.9772506274e-01  -7.1295428628e-03  9.9771503108e-01  7.1392155273e-03
4.320174e+03  9.9810790273e-01  -5.2317266652e-03  9.9809900760e-01  5.2414557618e-03
4.340844e+03  9.9837949879e-01  -3.3121122353e-03  9.9837179323e-01  3.3218843537e-03
4.361515e+03  9.9853842808e-01  -1.3771259362e-03  9.9853196312e-01  1.3869269524e-03
4.382186e+03  9.9858363172e-01  5.6668771920e-04  9.9857845580e-01  -5.5687271205e-04
4.402856e+03  9.9851442739e-01  2.5126860144e-03  9.9851058577e-01  -2.5028727627e-03
4.423527e+03  9.9833052086e-01  4.4541495664e-03  9.9832805502e-01  -4.4443546985e-03
4.444198e+03  9.9803201622e-01  6.3843053896e-03  9.9803096324e-01  -6.3745464433e-03
4.464868e+03  9.9761942456e-01  8.2963513912e-03  9.9761981659e-01  -8.2866468250e-03
4.485539e+03  9.9709367103e-01  1.0183482171e-02  9.9709553466e-01  -1.0173851360e-02
4.506210e+03  9.9645609989e-01  1.2038915973e-02  9.9645945567e-01  -1.2029379187e-02
4.526881e+03  9.9570847760e-01  1.3855922607e-02  9.9571333949e-01  -1.3846500972e-02
4.547551e+03  9.9485299363e-01  1.5627852134e-02  9.9485936852e-01  -1.5618567577e-02
4.568222e+03  9.9389225894e-01  1.7348164103e-02  9.9390014628e-01  -1.7339039282e-02
4.588893e+03  9.9282930214e-01  1.9010457086e-02  9.9283869354e-01  -1.9001515299e-02
4.609563e+03  9.9166756303e-01  2.0608498275e-02  9.9167844199e-01  -2.0599763360e-02
4.630234e+03  9.9041088375e-01  2.2136252880e-02  9.9042322544e-01  -2.2127749096e-02
4.650905e+03  9.8906349740e-01  2.3587913065e-02  9.8907726852e-01  -2.3579664961e-02
4.671575e+03  9.8763001414e-01  2.4957926174e-02  9.8764517290e-01  -2.4949958449e-02
4.692246e+03  9.8611540502e-01  2.6241021985e-02  9.8613190117e-01  -2.6233359337e-02
4.712917e+03  9.8452498336e-01  2.7432238768e-02  9.8454275836e-01  -2.7424905737e-02
4.733587e+03  9.8286438415e-01  2.8526947900e-02  9.8288337137e-01  -2.8519968705e-02
4.754258e+03  9.8113954121e-01  2.9520876849e-02  9.8115966629e-01  -2.9514275222e-02
4.774929e+03  9.7935666272e-01  3.0410130320e-02  9.7937784395e-01  -3.0403929341e-02
4.795599e+03  9.7752220492e-01  3.1191209404e-02  9.7754435372e-01  -3.1185431339e-02
4.816270e+03  9.7564284446e-01  3.1861028598e-02  9.7566586595e-01  -3.1855694736e-02
4.836941e+03  9.7372544948e-01  3.2416930559e-02  9.7374924308e-01  -3.2412061054e-02
4.857612e+03  9.7177704971e-01  3.2856698517e-02  9.7180150979e-01  -3.2852312241e-02
4.878282e+03  9.6980480577e-01  3.3178566286e-02  9.6982982234e-01  -3.3174680679e-02
4.898953e+03  9.6781597793e-01  3.3381225822e-02  9.6784143737e-01  -3.3377856762e-02
4.919624e+03  9.6581789459e-01  3.3463832342e-02  9.6584368035e-01  -3.3460994008e-02
4.940294e+03  9.6381792063e-01  3.3426006989e-02  9.6384391400e-01  -3.3423711741e-02
4.960965e+03  9.6182342591e-01  3.3267837114e-02  9.6184950671e-01  -3.3266095376e-02
4.981636e+03  9.5984175410e-01  3.2989874202e-02  9.5986780143e-01  -3.2988694356e-02
5.002306e+03  9.5788019203e-01  3.2593129550e-02  9.5790608496e-01  -3.2592517836e-02
5.022977e+03  9.5594593974e-01  3.2079067779e-02  9.5597155798e-01  -3.2079028200e-02
5.043648e+03  9.5404608139e-01  3.1449598281e-02  9.5407130597e-01  -3.1450132528e-02
5.064318e+03  9.5218755723e-01  3.0707064753e-02  9.5221227105e-01  -3.0708172130e-02
5.084989e+03  9.5037713658e-01  2.9854232922e-02  9.5040122506e-01  -2.9855910283e-02
5.105660e+03  9.4862139221e-01  2.8894276615e-02  9.4864474375e-01  -2.8896518319e-02
5.126330e+03  9.4692667593e-01  2.7830762313e-02  9.4694918242e-01  -2.7833560184e-02
5.147001e+03  9.4529909558e-01  2.6667632340e-02  9.4532065284e-01  -2.6670975640e-02
5.167672e+03  9.4374449357e-01  2.5409186818e-02  9.4376500174e-01  -2.5413062237e-02
5.188343e+03  9.4226842677e-01  2.4060064549e-02  9.4228779070e-01  -2.4064456197e-02
5.209013e+03  9.4087614798e-01  2.2625222947e-02  9.4089427760e-01  -2.2630112368e-02
5.229684e+03  9.3957258899e-01  2.1109917151e-02  9.3958939957e-01  -2.1115283341e-02
5.250355e+03  9.3836234499e-01  1.9519678461e-02  9.3837775748e-01  -1.9525497902e-02
5.271025e+03  9.3724966065e-01  1.7860292185e-02  9.3726360194e-01  -1.7866538886e-02
5.291696e+03  9.3623841764e-01  1.6137775034e-02  9.3625082079e-01  -1.6144420583e-02
5.312367e+03  9.3533212353e-01  1.4358352135e-02  9.3534292803e-01  -1.4365365764e-02
5.333037e+03  9.3453390228e-01  1.2528433769e-02  9.3454305422e-01  -1.2535782426e-02
5.353708e+03  9.3384648595e-01  1.0654591904e-02  9.3385393824e-01  -1.0662240338e-02
5.374379e+03  9.3327220788e-01  8.7435365943e-03  9.3327792044e-01  -8.7514474448e-03
5.395049e+03  9.3281299719e-01  6.8020923023e-03  9.3281693709e-01  -6.8102262103e-03
5.415720e+03  9.3247037447e-01  4.8371742029e-03  9.3247251611e-01  -4.8454899277e-03
5.436391e+03  9.3224544881e-01  2.8557645114e-03  9.3224577409e-01  -2.8642190643e-03
5.457061e+03  9.3213891603e-01  8.6488887635e-04  9.3213741448e-01  -8.7343767058e-04
5.477732e+03  9.3215105810e-01  -1.1284071256e-03  9.3214772698e-01  1.1198101075e-03
5.498403e+03  9.3228174371e-01  -3.1170813615e-03  9.3227658816e-01  3.1084833811e-03
5.519074e+03  9.3253043002e-01  -5.0941183491e-03  9.3252346313e-01  5.0855677057e-03
5.539744e+03  9.3289616559e-01  -7.0525522700e-03  9.3288740842e-01  7.0440980735e-03
5.560415e+03  9.3337759433e-01  -8.9854897595e-03  9.3336707596e-01  8.9771816832e-03
5.581086e+03  9.3397296068e-01  -1.0886132442e-02  9.3396071816e-01  1.0878020455e-02
5.601756e+03  9.3468011584e-01  -1.2747799177e-02  9.3466619410e-01  1.2739933261e-02
5.622427e+03  9.3549652513e-01  -1.4563947987e-02  9.3548097688e-01  1.4556377835e-02
5.643098e+03  9.3641927651e-01  -1.6328197618e-02  9.3640216200e-01  1.6320972317e-02
5.663768e+03  9.3744509007e-01  -1.8034348696e-02  9.3742647693e-01  1.8027516407e-02
5.684439e+03  9.3857032886e-01  -1.9676404428e-02  9.3855029172e-01  1.9670012054e-02
5.705110e+03  9.3979101058e-01  -2.1248590801e-02  9.3976963081e-01  2.1242683656e-02
5.725780e+03  9.4110282061e-01  -2.2745376210e-02  9.4108018585e-01  2.2739997694e-02
5.746451e+03  9.4250112599e-01  -2.4161490471e-02  9.4247732969e-01  2.4156681747e-02
5.767122e+03  9.4398099055e-01  -2.5491943132e-02  9.4395613148e-01  2.5487742821e-02
5.787792e+03  9.4553719113e-01  -2.6732041030e-02  9.4551137277e-01  2.6728484927e-02
5.808463e+03  9.4716423482e-01  -2.7877405018e-02  9.4713756477e-01  2.7874525831e-02
5.829134e+03  9.4885637728e-01  -2.8923985783e-02  9.4882896657e-01  2.8921812895e-02
5.849805e+03  9.5060764195e-01  -2.9868078680e-02  9.5057960439e-01  2.9866637952e-02
5.870475e+03  9.5241184035e-01  -3.0706337512e-02  9.5238329178e-01  3.0705651120e-02
5.891146e+03  9.5426259317e-01  -3.1435787179e-02  9.5423365078e-01  3.1435873483e-02
5.911817e+03  9.5615335222e-01  -3.2053835110e-02  9.5612413379e-01  3.2054708576e-02
5.932487e+03  9.5807742319e-01  -3.2558281431e-02  9.5804804643e-01  3.2559952581e-02
5.953158e+03  9.6002798907e-01  -3.2947327776e-02  9.5999857091e-01  3.2949803188e-02
5.973829e+03  9.6199813423e-01  -3.3219584692e-02  9.6196879015e-01  3.3222867037e-02
5.994499e+03  9.6398086894e-01  -3.3374077585e-02  9.6395171245e-01  3.3378165700e-02
6.015170e+03  9.6596915450e-01  -3.3410251143e-02  9.6594029648e-01  3.3415140136e-02
6.035841e+03  9.6795592850e-01  -3.3327972200e-02  9.6792747678e-01  3.3333653591e-02
6.056511e+03  9.6993413050e-01  -3.3127531011e-02  9.6990618933e-01  3.3133992893e-02
6.077182e+03  9.7189672767e-01  -3.2809640905e-02  9.7186939741e-01  3.2816868126e-02
6.097853e+03  9.7383674059e-01  -3.2375436298e-02  9.7381011728e-01  3.2383410661e-02
6.118523e+03  9.7574726884e-01  -3.1826469070e-02  9.7572144393e-01  3.1835169543e-02
6.139194e+03  9.7762151638e-01  -3.1164703300e-02  9.7759657651e-01  3.1174106232e-02
6.159865e+03  9.7945281663e-01  -3.0392508382e-02  9.7942884336e-01  3.0402587717e-02
6.180535e+03  9.8123465704e-01  -2.9512650531e-02  9.8121172674e-01  2.9523378025e-02
6.201206e+03  9.8296070318e-01  -2.8528282737e-02  9.8293888682e-01  2.8539628166e-02
6.221877e+03  9.8462482200e-01  -2.7442933190e-02  9.8460418507e-01  2.7454864551e-02
6.242548e+03  9.8622110445e-01  -2.6260492238e-02  9.8620170686e-01  2.6272975940e-02
6.263218e+03  9.8774388712e-01  -2.4985197944e-02  9.8772578312e-01  2.4998198989e-02
6.283889e+03  9.8918777294e-01  -2.3621620296e-02  9.8917101105e-01  2.3635102452e-02
6.304560e+03  9.9054765077e-01  -2.2174644168e-02  9.9053227376e-01  2.2188570129e-02
6.325230e+03  9.9181871385e-01  -2.0649451092e-02  9.9180475874e-01  2.0663782632e-02
6.345901e+03  9.9299647709e-01  -1.9051499945e-02  9.9298397514e-01  1.9066198058e-02
6.366572e+03  9.9407679295e-01  -1.7386506625e-02  9.9406576972e-01  1.7401531669e-02
6.387242e+03  9.9505586611e-01  -1.5660422831e-02  9.9504634149e-01  1.5675734650e-02
6.407913e+03  9.9593026666e-01  -1.3879414019e-02  9.9592225499e-01  1.3894972074e-02
6.428584e+03  9.9669694193e-01  -1.2049836649e-02  9.9669045205e-01  1.2065600138e-02
6.449254e+03  9.9735322679e-01  -1.0178214814e-02  9.9734826221e-01  1.0194142789e-02
6.469925e+03  9.9789685252e-01  -8.2712163543e-03  9.9789341156e-01  8.2872678395e-03
6.490596e+03  9.9832595417e-01  -6.3356285449e-03  9.9832403010e-01  6.3517626515e-03
6.511266e+03  9.9863907635e-01  -4.3783334718e-03  9.9863865762e-01  4.3945095135e-03
6.531937e+03  9.9883517754e-01  -2.4062831792e-03  9.9883624803e-01  2.4224607881e-03
6.552608e+03  9.9891363290e-01  -4.2647469236e-04  9.9891617214e-01  4.4261393419e-04
6.573279e+03  9.9887423554e-01  1.5540749921e-03  9.9887821900e-01  -1.5380135019e-03
6.593949e+03  9.9871719630e-01  3.5283538543e-03  9.9872259568e-01  -3.5124088364e-03
6.614620e+03  9.9844314206e-01  5.4893796499e-03  9.9844992559e-01  -5.4735890483e-03
6.635291e+03  9.9805311266e-01  7.4302244706e-03  9.9806124538e-01  -7.4146253430e-03
6.655961e+03  9.9754855628e-01  9.3440389846e-03  9.9755800033e-01  -9.3286673971e-03
6.676632e+03  9.9693132357e-01  1.1224076277e-02  9.9694203848e-01  -1.1208967204e-02
6.697303e+03  9.9620366035e-01  1.3063715218e-02  9.9621560328e-01  -1.3048902449e-02
6.717973e+03  9.9536819909e-01  1.4856483281e-02  9.9538132502e-01  -1.4841999337e-02
6.738644e+03  9.9442794901e-01  1.6596078763e-02  9.9444221099e-01  -1.6581954814e-02
6.759315e+03  9.9338628509e-01  1.8276392322e-02  9.9340163435e-01  -1.8262658125e-02
6.779985e+03  9.9224693587e-01  1.9891527805e-02  9.9226332200e-01  -1.9878211644e-02
6.800656e+03  9.9101397015e-01  2.1435822291e-02  9.9103134113e-01  -2.1422950930e-02
6.821327e+03  9.8969178257e-01  2.2903865326e-02  9.8971008490e-01  -2.2891463974e-02
6.841997e+03  9.8828507828e-01  2.4290517290e-02  9.8830425698e-01  -2.4278609573e-02
6.862668e+03  9.8679885656e-01  2.5590926869e-02  9.8681885515e-01  -2.5579534815e-02
6.883339e+03  9.8523839355e-01  2.6800547595e-02  9.8525915402e-01  -2.6789691626e-02
6.904010e+03  9.8360922406e-01  2.7915153405e-02  9.8363068684e-01  -2.7904852338e-02
6.924680e+03  9.8191712257e-01  2.8930853207e-02  9.8193922645e-01  -2.8921124260e-02
6.945351e+03  9.8016808343e-01  2.9844104396e-02  9.8019076546e-01  -2.9834963199e-02
6.966022e+03  9.7836830025e-01  3.0651725287e-02  9.7839149570e-01  -3.0643185900e-02
6.986692e+03  9.7652414461e-01  3.1350906435e-02  9.7654778688e-01  -3.1342981357e-02
7.007363e+03  9.7464214410e-01  3.1939220785e-02  9.7466616465e-01  -3.1931920973e-02
7.028034e+03  9.7272895963e-01  3.2414632609e-02  9.7275328800e-01  -3.2407967489e-02
7.048704e+03  9.7079136229e-01  3.2775505186e-02  9.7081592603e-01  -3.2769482664e-02
7.069375e+03  9.6883620958e-01  3.3020607170e-02  9.6886093432e-01  -3.3015233637e-02
7.090046e+03  9.6687042119e-01  3.3149117596e-02  9.6689523068e-01  -3.3144397923e-02
7.110716e+03  9.6490095446e-01  3.3160629455e-02  9.6492577064e-01  -3.3156566993e-02
7.131387e+03  9.6293477938e-01  3.3055151822e-02  9.6295952253e-01  -3.3051748386e-02
7.152058e+03  9.6097885351e-01  3.2833110443e-02  9.6100344239e-01  -3.2830366300e-02
7.172728e+03  9.5904009668e-01  3.2495346784e-02  9.5906444869e-01  -3.2493260626e-02
7.193399e+03  9.5712536568e-01  3.2043115465e-02  9.5714939708e-01  -3.2041684386e-02
7.214070e+03  9.5524142905e-01  3.1478080079e-02  9.5526505519e-01  -3.1477299549e-02
7.234741e+03  9.5339494208e-01  3.0802307378e-02  9.5341807765e-01  -3.0802171206e-02
7.255411e+03  9.5159242213e-01  3.0018259798e-02  9.5161498144e-01  -3.0018760106e-02
7.276082e+03  9.4984022442e-01  2.9128786371e-02  9.4986212169e-01  -2.9129913554e-02
7.296753e+03  9.4814451843e-01  2.8137112011e-02  9.4816566813e-01  -2.8138854710e-02
7.317423e+03  9.4651126503e-01  2.7046825242e-02  9.4653158219e-01  -2.7049170312e-02
7.338094e+03  9.4494619441e-01  2.5861864407e-02  9.4496559502e-01  -2.5864796888e-02
7.358765e+03  9.4345478514e-01  2.4586502436e-02  9.4347318647e-01  -2.4590005529e-02
7.379435e+03  9.4204224413e-01  2.3225330254e-02  9.4205956515e-01  -2.3229385298e-02
7.400106e+03  9.4071348798e-01  2.1783238922e-02  9.4072964972e-01  -2.1787825378e-02
7.420777e+03  9.3947312547e-01  2.0265400630e-02  9.3948805144e-01  -2.0270496066e-02
