0.000000e+00  1.0000000000e+00  0.0000000000e+00  1.0000000000e+00  0.0000000000e+00
2.067069e+01  9.9993341378e-01  2.0931987733e-03  9.9993489782e-01  -2.0930743922e-03
4.134137e+01  9.9973693117e-01  4.1779987802e-03  9.9973988086e-01  -4.1777509045e-03
6.201206e+01  9.9941142709e-01  6.2460455365e-03  9.9941581592e-01  -6.2456758696e-03
8.268275e+01  9.9895834750e-01  8.2890726687e-03  9.9896414117e-01  -8.2885836383e-03
1.033534e+02  9.9837969974e-01  1.0298944919e-02  9.9838685651e-01  -1.0298339581e-02
1.240241e+02  9.9767803914e-01  1.2267699955e-02  9.9768651026e-01  -1.2266981895e-02
1.446948e+02  9.9685645210e-01  1.4187588627e-02  9.9686618230e-01  -1.4186761861e-02
1.653655e+02  9.9591853588e-01  1.6051113318e-02  9.9592946393e-01  -1.6050182200e-02
1.860362e+02  9.9486837541e-01  1.7851064100e-02  9.9488043464e-01  -1.7850033234e-02
2.067069e+02  9.9371051721e-01  1.9580552409e-02  9.9372363613e-01  -1.9579426564e-02
2.273776e+02  9.9244994088e-01  2.1233042017e-02  9.9246404377e-01  -2.1231826054e-02
2.480482e+02  9.9109202848e-01  2.2802377101e-02  9.9110703602e-01  -2.2801075911e-02
2.687189e+02  9.8964253201e-01  2.4282807273e-02  9.8965836189e-01  -2.4281425721e-02
2.893896e+02  9.8810753945e-01  2.5669009457e-02  9.8812410702e-01  -2.5667552338e-02
3.100603e+02  9.8649343967e-01  2.6956106557e-02  9.8651065855e-01  -2.6954578559e-02
3.307310e+02  9.8480688652e-01  2.8139682887e-02  9.8482466922e-01  -2.8138088569e-02
3.514017e+02  9.8305476251e-01  2.9215796398e-02  9.8307302104e-01  -2.9214140168e-02
3.720724e+02  9.8124414225e-01  3.0180987734e-02  9.8126278869e-01  -3.0179273837e-02
3.927431e+02  9.7938225616e-01  3.1032286227e-02  9.7940120322e-01  -3.1030518740e-02
4.134137e+02  9.7747645449e-01  3.1767212924e-02  9.7749561603e-01  -3.1765395753e-02
4.340844e+02  9.7553417211e-01  3.2383780807e-02  9.7555346363e-01  -3.2381917693e-02
4.547551e+02  9.7356289414e-01  3.2880492360e-02  9.7358223324e-01  -3.2878586879e-02
4.754258e+02  9.7157012276e-01  3.3256334652e-02  9.7158942952e-01  -3.3254390227e-02
4.960965e+02  9.6956334520e-01  3.3510772149e-02  9.6958254254e-01  -3.3508792056e-02
5.167672e+02  9.6755000324e-01  3.3643737430e-02  9.6756901719e-01  -3.3641724808e-02
5.374379e+02  9.6553746419e-01  3.3655620029e-02  9.6555622418e-01  -3.3653577891e-02
5.581086e+02  9.6353299350e-01  3.3547253602e-02  9.6355143249e-01  -3.3545184842e-02
5.787792e+02  9.6154372908e-01  3.3319901621e-02  9.6156178374e-01  -3.3317809026e-02
5.994499e+02  9.5957665732e-01  3.2975241799e-02  9.5959426807e-01  -3.2973128058e-02
6.201206e+02  9.5763859090e-01  3.2515349437e-02  9.5765570196e-01  -3.2513217149e-02
6.407913e+02  9.5573614828e-01  3.1942679882e-02  9.5575270761e-01  -3.1940531558e-02
6.614620e+02  9.5387573496e-01  3.1260050254e-02  9.5389169424e-01  -3.1257888325e-02
6.821327e+02  9.5206352645e-01  3.0470620622e-02  9.5207884095e-01  -3.0468447444e-02
7.028034e+02  9.5030545284e-01  2.9577874777e-02  9.5032008130e-01  -2.9575692626e-02
7.234741e+02  9.4860718502e-01  2.8585600718e-02  9.4862108945e-01  -2.8583411792e-02
7.441447e+02  9.4697412233e-01  2.7497870999e-02  9.4698726791e-01  -2.7495677412e-02
7.648154e+02  9.4541138181e-01  2.6319023032e-02  9.4542373664e-01  -2.6316826814e-02
7.854861e+02  9.4392378866e-01  2.5053639444e-02  9.4393532362e-01  -2.5051442529e-02
8.061568e+02  9.4251586815e-01  2.3706528573e-02  9.4252655670e-01  -2.3704332793e-02
8.268275e+02  9.4119183862e-01  2.2282705167e-02  9.4120165663e-01  -2.2280512245e-02
8.474982e+02  9.3995560572e-01  2.0787371355e-02  9.3996453128e-01  -2.0785182893e-02
8.681689e+02  9.3881075759e-01  1.9225897918e-02  9.3881877090e-01  -1.9223715389e-02
8.888396e+02  9.3776056109e-01  1.7603805919e-02  9.3776764433e-01  -1.7601630660e-02
9.095102e+02  9.3680795893e-01  1.5926748699e-02  9.3681409612e-01  -1.5924581898e-02
9.301809e+02  9.3595556751e-01  1.4200494260e-02  9.3596074450e-01  -1.4198336957e-02
9.508516e+02  9.3520567567e-01  1.2430908054e-02  9.3520988002e-01  -1.2428761132e-02
9.715223e+02  9.3456024400e-01  1.0623936171e-02  9.3456346500e-01  -1.0621800357e-02
9.921930e+02  9.3402090483e-01  8.7855889187e-03  9.3402313347e-01  -8.7834647882e-03
1.012864e+03  9.3358896278e-01  6.9219247989e-03  9.3359019178e-01  -6.9198127784e-03
1.033534e+03  9.3326539586e-01  5.0390348482e-03  9.3326561970e-01  -5.0369352287e-03
1.054205e+03  9.3305085703e-01  3.1430273411e-03  9.3305007196e-01  -3.1409402920e-03
1.074876e+03  9.3294567619e-01  1.2400128263e-03  9.3294388034e-01  -1.2379384148e-03
1.095546e+03  9.3294986266e-01  -6.6391052242e-04  9.3294705603e-01  6.6597230944e-04
1.116217e+03  9.3306310795e-01  -2.5626712664e-03  9.3305929248e-01  2.5647204971e-03
1.136888e+03  9.3328478900e-01  -4.4502387958e-03  9.3327996860e-01  4.4522755678e-03
1.157558e+03  9.3361397169e-01  -6.3206371838e-03  9.3360815225e-01  6.3226615978e-03
1.178229e+03  9.3404941475e-01  -8.1679588229e-03  9.3404260420e-01  8.1699709594e-03
1.198900e+03  9.3458957401e-01  -9.9863778692e-03  9.3458178226e-01  9.9883777683e-03
1.219571e+03  9.3523260693e-01  -1.1770163514e-02  9.3522384592e-01  1.1772151161e-02
1.240241e+03  9.3597637758e-01  -1.3513693105e-02  9.3596666127e-01  1.3515668420e-02
1.260912e+03  9.3681846192e-01  -1.5211465131e-02  9.3680780621e-01  1.5213427970e-02
1.281583e+03  9.3775615341e-01  -1.6858112086e-02  9.3774457618e-01  1.6860062251e-02
1.302253e+03  9.3878646915e-01  -1.8448413226e-02  9.3877399017e-01  1.8450350481e-02
1.322924e+03  9.3990615626e-01  -1.9977307219e-02  9.3989279718e-01  1.9979231322e-02
1.343595e+03  9.4111169883e-01  -2.1439904704e-02  9.4109748310e-01  2.1441815444e-02
1.364265e+03  9.4239932524e-01  -2.2831500735e-02  9.4238427812e-01  2.2833397990e-02
1.384936e+03  9.4376501599e-01  -2.4147587140e-02  9.4374916448e-01  2.4149470933e-02
1.405607e+03  9.4520451206e-01  -2.5383864749e-02  9.4518788492e-01  2.5385735323e-02
1.426277e+03  9.4671332377e-01  -2.6536255500e-02  9.4669595153e-01  2.6538113394e-02
1.446948e+03  9.4828674023e-01  -2.7600914399e-02  9.4826865522e-01  2.7602760530e-02
1.467619e+03  9.4991983942e-01  -2.8574241297e-02  9.4990107585e-01  2.8576077046e-02
1.488289e+03  9.5160749885e-01  -2.9452892476e-02  9.5158809286e-01  2.9454719771e-02
1.508960e+03  9.5334440690e-01  -3.0233791986e-02  9.5332439668e-01  3.0235613382e-02
1.529631e+03  9.5512507486e-01  -3.0914142711e-02  9.5510450075e-01  3.0915961461e-02
1.550302e+03  9.5694384965e-01  -3.1491437110e-02  9.5692275424e-01  3.1493257233e-02
1.570972e+03  9.5879492728e-01  -3.1963467586e-02  9.5877335552e-01  3.1965293913e-02
1.591643e+03  9.6067236701e-01  -3.2328336429e-02  9.6065036633e-01  3.2330174646e-02
1.612314e+03  9.6257010628e-01  -3.2584465277e-02  9.6254772668e-01  3.2586321944e-02
1.632984e+03  9.6448197640e-01  -3.2730604030e-02  9.6445927053e-01  3.2732486583e-02
1.653655e+03  9.6640171896e-01  -3.2765839156e-02  9.6637874216e-01  3.2767755893e-02
1.674326e+03  9.6832300297e-01  -3.2689601315e-02  9.6829981337e-01  3.2691561359e-02
1.694996e+03  9.7023944277e-01  -3.2501672248e-02  9.7021610125e-01  3.2503685483e-02
1.715667e+03  9.7214461662e-01  -3.2202190824e-02  9.7212118683e-01  3.2204267818e-02
1.736338e+03  9.7403208597e-01  -3.1791658218e-02  9.7400863428e-01  3.1793810113e-02
1.757008e+03  9.7589541538e-01  -3.1270942102e-02  9.7587201078e-01  3.1273180491e-02
1.777679e+03  9.7772819306e-01  -3.0641279807e-02  9.7770490704e-01  3.0643616584e-02
1.798350e+03  9.7952405193e-01  -2.9904280365e-02  9.7950095833e-01  2.9906727555e-02
1.819020e+03  9.8127669122e-01  -2.9061925365e-02  9.8125386599e-01  2.9064494943e-02
1.839691e+03  9.8297989850e-01  -2.8116568558e-02  9.8295741942e-01  2.8119272248e-02
1.860362e+03  9.8462757198e-01  -2.7070934136e-02  9.8460551839e-01  2.7073783203e-02
1.881033e+03  9.8621374324e-01  -2.5928113637e-02  9.8619219566e-01  2.5931118670e-02
1.901703e+03  9.8773260000e-01  -2.4691561401e-02  9.8771163971e-01  2.4694732101e-02
1.922374e+03  9.8917850905e-01  -2.3365088551e-02  9.8915821770e-01  2.3368433514e-02
1.943045e+03  9.9054603918e-01  -2.1952855428e-02  9.9052649825e-01  2.1956381948e-02
1.963715e+03  9.9182998393e-01  -2.0459362473e-02  9.9181127425e-01  2.0463076346e-02
1.984386e+03  9.9302538413e-01  -1.8889439502e-02  9.9300758535e-01  1.8893344861e-02
2.005057e+03  9.9412755010e-01  -1.7248233376e-02  9.9411074012e-01  1.7252332546e-02
2.025727e+03  9.9513208329e-01  -1.5541194052e-02  9.9511633771e-01  1.5545487426e-02
2.046398e+03  9.9603489737e-01  -1.3774059015e-02  9.9602028895e-01  1.3778544969e-02
2.067069e+03  9.9683223855e-01  -1.1952836103e-02  9.9681883664e-01  1.1957510935e-02
2.087739e+03  9.9752070504e-01  -1.0083784767e-02  9.9750857503e-01  1.0088642673e-02
2.108410e+03  9.9809726544e-01  -8.1733957774e-03  9.9808646828e-01  8.1784288532e-03
2.129081e+03  9.9855927603e-01  -6.2283694498e-03  9.9854986771e-01  6.2335677280e-03
2.149751e+03  9.9890449678e-01  -4.2555924387e-03  9.9889652790e-01  4.2609439498e-03
2.170422e+03  9.9913110597e-01  -2.2621131771e-03  9.9912462131e-01  2.2676040361e-03
2.191093e+03  9.9923771319e-01  -2.5511604815e-04  9.9923275134e-01  2.6073056234e-04
2.211764e+03  9.9922337086e-01  1.7581056140e-03  9.9921996388e-01  -1.7523848193e-03
2.232434e+03  9.9908758380e-01  3.7701775832e-03  9.9908575695e-01  -3.7643694256e-03
2.253105e+03  9.9883031707e-01  5.7736737408e-03  9.9883008858e-01  -5.7677985299e-03
2.273776e+03  9.9845200182e-01  7.7611458819e-03  9.9845338266e-01  -7.7552251618e-03
2.294446e+03  9.9795353907e-01  9.7251541888e-03  9.9795653285e-01  -9.7192105751e-03
2.315117e+03  9.9733630136e-01  1.1658298219e-02  9.9734090420e-01  -1.1652355233e-02
2.335788e+03  9.9660213228e-01  1.3553248251e-02  9.9660833279e-01  -1.3547330151e-02
2.356458e+03  9.9575334373e-01  1.5402776814e-02  9.9576112297e-01  -1.5396908430e-02
2.377129e+03  9.9479271090e-01  1.7199790243e-02  9.9480204238e-01  -1.7193996809e-02
2.397800e+03  9.9372346500e-01  1.8937360063e-02  9.9373431478e-01  -1.8931667052e-02
2.418470e+03  9.9254928366e-01  2.0608754040e-02  9.9256161041e-01  -2.0603187000e-02
2.439141e+03  9.9127427911e-01  2.2207466698e-02  9.9128803421e-01  -2.2202051088e-02
2.459812e+03  9.8990298401e-01  2.3727249135e-02  9.8991811171e-01  -2.3722010165e-02
2.480482e+03  9.8844033515e-01  2.5162137943e-02  9.8845677271e-01  -2.5157100406e-02
2.501153e+03  9.8689165494e-01  2.6506483049e-02  9.8690933284e-01  -2.6501671164e-02
2.521824e+03  9.8526263083e-01  2.7754974321e-02  9.8528147300e-01  -2.7750411563e-02
2.542495e+03  9.8355929272e-01  2.8902666736e-02  9.8357921682e-01  -2.8898375678e-02
2.563165e+03  9.8178798849e-01  2.9945003977e-02  9.8180890621e-01  -2.9941006123e-02
2.583836e+03  9.7995535779e-01  3.0877840283e-02  9.7997717522e-01  -3.0874155903e-02
2.604507e+03  9.7806830414e-01  3.1697460410e-02  9.7809092218e-01  -3.1694108388e-02
2.625177e+03  9.7613396563e-01  3.2400597588e-02  9.7615728037e-01  -3.2397595256e-02
2.645848e+03  9.7415968418e-01  3.2984449322e-02  9.7418358748e-01  -3.2981812314e-02
2.666519e+03  9.7215297376e-01  3.3446690952e-02  9.7217735374e-01  -3.3444433059e-02
2.687189e+03  9.7012148760e-01  3.3785486882e-02  9.7014622918e-01  -3.3783619914e-02
2.707860e+03  9.6807298454e-01  3.3999499383e-02  9.6809797016e-01  -3.3998033045e-02
2.728531e+03  9.6601529491e-01  3.4087894927e-02  9.6604040513e-01  -3.4086836704e-02
2.749201e+03  9.6395628594e-01  3.4050348005e-02  9.6398140020e-01  -3.4049703065e-02
2.769872e+03  9.6190382701e-01  3.3887042399e-02  9.6192882437e-01  -3.3886813507e-02
2.790543e+03  9.5986575492e-01  3.3598669909e-02  9.5989051482e-01  -3.3598857366e-02
2.811213e+03  9.5784983939e-01  3.3186426539e-02  9.5787424249e-01  -3.3187028133e-02
2.831884e+03  9.5586374902e-01  3.2652006176e-02  9.5588767796e-01  -3.2653017159e-02
2.852555e+03  9.5391501781e-01  3.1997591805e-02  9.5393835801e-01  -3.1999004890e-02
2.873226e+03  9.5201101259e-01  3.1225844329e-02  9.5203365300e-01  -3.1227649709e-02
2.893896e+03  9.5015890142e-01  3.0339889067e-02  9.5018073526e-01  -3.0342074458e-02
2.914567e+03  9.4836562316e-01  2.9343300038e-02  9.4838654857e-01  -2.9345850737e-02
2.935238e+03  9.4663785843e-01  2.8240082128e-02  9.4665777912e-01  -2.8242981103e-02
2.955908e+03  9.4498200204e-01  2.7034651283e-02  9.4500082785e-01  -2.7037879274e-02
2.976579e+03  9.4340413711e-01  2.5731812853e-02  9.4342178449e-01  -2.5735348494e-02
2.997250e+03  9.4191001094e-01  2.4336738241e-02  9.4192640340e-01  -2.4340558201e-02
3.017920e+03  9.4050501277e-01  2.2854940024e-02  9.4052008128e-01  -2.2859019158e-02
3.038591e+03  9.3919415356e-01  2.1292245703e-02  9.3920783681e-01  -2.1296557217e-02
3.059262e+03  9.3798204780e-01  1.9654770257e-02  9.3799429249e-01  -1.9659285890e-02
3.079932e+03  9.3687289753e-01  1.7948887693e-02  9.3688365849e-01  -1.7953577899e-02
3.100603e+03  9.3587047848e-01  1.6181201760e-02  9.3587971881e-01  -1.6186035901e-02
3.121274e+03  9.3497812843e-01  1.4358516009e-02  9.3498581954e-01  -1.4363462553e-02
3.141944e+03  9.3419873786e-01  1.2487803387e-02  9.3420485944e-01  -1.2492830112e-02
3.162615e+03  9.3353474280e-01  1.0576175546e-02  9.3353928275e-01  -1.0581249739e-02
3.183286e+03  9.3298811986e-01  8.6308520230e-03  9.3299107414e-01  -8.6359406849e-03
3.203957e+03  9.3256038351e-01  6.6591294784e-03  9.3256175596e-01  -6.6641995279e-03
3.224627e+03  9.3225258545e-01  4.6683511450e-03  9.3225238758e-01  -4.6733696187e-03
3.245298e+03  9.3206531611e-01  2.6658766391e-03  9.3206356676e-01  -2.6708108890e-03
3.265969e+03  9.3199870815e-01  6.5905228186e-04  9.3199543319e-01  -6.6387016915e-04
3.286639e+03  9.3205244190e-01  -1.3448179348e-03  9.3204767383e-01  1.3401478526e-03
3.307310e+03  9.3222575269e-01  -3.3385006121e-03  9.3221953025e-01  3.3340088998e-03
3.327981e+03  9.3251743997e-01  -5.3148603195e-03  9.3250980765e-01  5.3105764903e-03
3.348651e+03  9.3292587805e-01  -7.2668859731e-03  9.3291688564e-01  7.2628383235e-03
3.369322e+03  9.3344902854e-01  -9.1877161159e-03  9.3343873057e-01  9.1839315692e-03
3.389993e+03  9.3408445415e-01  -1.1070663010e-02  9.3407290939e-01  1.1067166970e-02
3.410663e+03  9.3482933397e-01  -1.2909235452e-02  9.3481660483e-01  1.2906051667e-02
3.431334e+03  9.3568047998e-01  -1.4697160241e-02  9.3566663194e-01  1.4694310680e-02
3.452005e+03  9.3663435466e-01  -1.6428402223e-02  9.3661945566e-01  1.6425906964e-02
3.472675e+03  9.3768708972e-01  -1.8097182853e-02  9.3767120960e-01  1.8095059982e-02
3.493346e+03  9.3883450568e-01  -1.9697997223e-02  9.3881771554e-01  1.9696262751e-02
3.514017e+03  9.4007213225e-01  -2.1225629506e-02  9.4005450387e-01  2.1224297303e-02
3.534688e+03  9.4139522934e-01  -2.2675166786e-02  9.4137683462e-01  2.2674248525e-02
3.555358e+03  9.4279880856e-01  -2.4042011243e-02  9.4277971901e-01  2.4041516368e-02
3.576029e+03  9.4427765520e-01  -2.5321890685e-02  9.4425794138e-01  2.5321826399e-02
3.596700e+03  9.4582635027e-01  -2.6510867425e-02  9.4580608137e-01  2.6511238695e-02
3.617370e+03  9.4743929278e-01  -2.7605345515e-02  9.4741853621e-01  2.7606155101e-02
3.638041e+03  9.4911072189e-01  -2.8602076365e-02  9.4908954291e-01  2.8603324876e-02
3.658712e+03  9.5083473886e-01  -2.9498162802e-02  9.5081320034e-01  2.9499848766e-02
3.679382e+03  9.5260532873e-01  -3.0291061615e-02  9.5258349090e-01  3.0293181574e-02
3.700053e+03  9.5441638150e-01  -3.0978584668e-02  9.5439430187e-01  3.0981133298e-02
3.720724e+03  9.5626171275e-01  -3.1558898684e-02  9.5623944605e-01  3.1561868929e-02
3.741394e+03  9.5813508369e-01  -3.2030523789e-02  9.5811268181e-01  3.2033907010e-02
3.762065e+03  9.6003022026e-01  -3.2392330952e-02  9.6000773244e-01  3.2396117092e-02
3.782736e+03  9.6194083164e-01  -3.2643538434e-02  9.6191830451e-01  3.2647716193e-02
3.803406e+03  9.6386062769e-01  -3.2783707405e-02  9.6383810551e-01  3.2788264421e-02
3.824077e+03  9.6578333556e-01  -3.2812736854e-02  9.6576086047e-01  3.2817659889e-02
3.844748e+03  9.6770271546e-01  -3.2730857947e-02  9.6768032775e-01  3.2736133071e-02
3.865419e+03  9.6961257534e-01  -3.2538627972e-02  9.6959031381e-01  3.2544240745e-02
3.886089e+03  9.7150678494e-01  -3.2236924011e-02  9.7148468723e-01  3.2242859657e-02
3.906760e+03  9.7337928886e-01  -3.1826936461e-02  9.7335739184e-01  3.1833180028e-02
3.927431e+03  9.7522411901e-01  -3.1310162519e-02  9.7520245916e-01  3.1316699029e-02
3.948101e+03  9.7703540637e-01  -3.0688399725e-02  9.7701402019e-01  3.0695214304e-02
3.968772e+03  9.7880739237e-01  -2.9963739643e-02  9.7878631669e-01  2.9970817630e-02
3.989443e+03  9.8053443968e-01  -2.9138561725e-02  9.8051371204e-01  2.9145888762e-02
4.010113e+03  9.8221104296e-01  -2.8215527386e-02  9.8219070190e-01  2.8223089488e-02
4.030784e+03  9.8383183931e-01  -2.7197574301e-02  9.8381192462e-01  2.7205357899e-02
4.051455e+03  9.8539161882e-01  -2.6087910887e-02  9.8537217177e-01  2.6095902850e-02
4.072125e+03  9.8688533519e-01  -2.4890010926e-02  9.8686639872e-01  2.4898198563e-02
4.092796e+03  9.8830811668e-01  -2.3607608248e-02  9.8828973547e-01  2.3615979291e-02
4.113467e+03  9.8965527728e-01  -2.2244691389e-02  9.8963749784e-01  2.2253233954e-02
4.134137e+03  9.9092232841e-01  -2.0805498084e-02  9.9090519907e-01  2.0814200616e-02
4.154808e+03  9.9210499102e-01  -1.9294509481e-02  9.9208856188e-01  1.9303360687e-02
4.175479e+03  9.9319920829e-01  -1.7716443914e-02  9.9318353108e-01  1.7725432674e-02
4.196150e+03  9.9420115874e-01  -1.6076250078e-02  9.9418628664e-01  1.6085365357e-02
4.216820e+03  9.9510726996e-01  -1.4379099456e-02  9.9509325731e-01  1.4388330203e-02
4.237491e+03  9.9591423263e-01  -1.2630377828e-02  9.9590113468e-01  1.2639712867e-02
4.258162e+03  9.9661901504e-01  -1.0835675710e-02  9.9660688752e-01  1.0845103632e-02
4.278832e+03  9.9721887778e-01  -9.0007775813e-03  9.9720777649e-01  9.0102866395e-03
4.299503e+03  9.9771138850e-01  -7.1316497700e-03  9.9770136884e-01  7.1412277732e-03
4.320174e+03  9.9809443674e-01  -5.2344268935e-03  9.9808555321e-01  5.2440611080e-03
4.340844e+03  9.9836624841e-01  -3.3153967600e-03  9.9835855404e-01  3.3250738192e-03
4.361515e+03  9.9852539986e-01  -1.3809836792e-03  9.9851894570e-01  1.3906895019e-03
4.382186e+03  9.9857083142e-01  5.6226985200e-04  9.9856566589e-01  -5.5255013071e-04
4.402856e+03  9.9850185990e-01  2.5077230865e-03  9.9849802828e-01  -2.4980051721e-03
4.423527e+03  9.9831819020e-01  4.4486585550e-03  9.9831573395e-01  -4.4389590364e-03
4.444198e+03  9.9801992547e-01  6.3783051220e-03  9.9801888170e-01  -6.3686414987e-03
4.464868e+03  9.9760757590e-01  8.2898624720e-03  9.9760797675e-01  -8.2802531663e-03
4.485539e+03  9.9708206564e-01  1.0176526902e-02  9.9708393773e-01  -1.0166991254e-02
4.506210e+03  9.9644473800e-01  1.2031518265e-02  9.9644810188e-01  -1.2022076513e-02
4.526881e+03  9.9569735845e-01  1.3848107884e-02  9.9570222808e-01  -1.3838781123e-02
4.547551e+03  9.9484211545e-01  1.5619647233e-02  9.9484849775e-01  -1.5610457361e-02
4.568222e+03  9.9388161899e-01  1.7339597160e-02  9.9388951342e-01  -1.7330566809e-02
4.588893e+03  9.9281889666e-01  1.9001557427e-02  9.9282829485e-01  -1.8992709872e-02
4.609563e+03  9.9165738729e-01  2.0599296293e-02  9.9166827276e-01  -2.0590655351e-02
4.630234e+03  9.9040093204e-01  2.2126779910e-02  9.9041327998e-01  -2.2118369821e-02
4.650905e+03  9.8905376304e-01  2.3578201255e-02  9.8906754018e-01  -2.3570046551e-02
4.671575e+03  9.8762048954e-01  2.4948008351e-02  9.8763565410e-01  -2.4940133718e-02
4.692246e+03  9.8610608166e-01  2.6230931520e-02  9.8612258343e-01  -2.6223361645e-02
4.712917e+03  9.8451585189e-01  2.7422009438e-02  9.8453363234e-01  -2.7414768851e-02
4.733587e+03  9.8285543434e-01  2.8516613747e-02  9.8287442688e-01  -2.8509726661e-02
4.754258e+03  9.8113076208e-01  2.9510472038e-02  9.8115089237e-01  -2.9503962182e-02
4.774929e+03  9.7934804254e-01  3.0399689000e-02  9.7936922890e-01  -3.0393579454e-02
4.795599e+03  9.7751373128e-01  3.1180765567e-02  9.7753588516e-01  -3.1175078597e-02
4.816270e+03  9.7563450433e-01  3.1850615938e-02  9.7565753088e-01  -3.1845372839e-02
4.836941e+03  9.7371722928e-01  3.2406582337e-02  9.7374102795e-01  -3.2401803269e-02
4.857612e+03  9.7176893536e-01  3.2846447425e-02  9.7179340055e-01  -3.2842151269e-02
4.878282e+03  9.6979678278e-01  3.3168444316e-02  9.6982180453e-01  -3.3164648526e-02
4.898953e+03  9.6780803147e-01  3.3371264141e-02  9.6783349619e-01  -3.3367984609e-02
4.919624e+03  9.6581000957e-01  3.3454061169e-02  9.6583580075e-01  -3.3451312091e-02
4.940294e+03  9.6381008179e-01  3.3416455479e-02  9.6383608073e-01  -3.3414249236e-02
4.960965e+03  9.6181561788e-01  3.3258533247e-02  9.6184170444e-01  -3.3256880285e-02
4.981636e+03  9.5983396152e-01  3.2980844682e-02  9.5986001483e-01  -3.2979753409e-02
5.002306e+03  9.5787239961e-01  3.2584399709e-02  9.5789829876e-01  -3.2583876391e-02
5.022977e+03  9.5593813236e-01  3.2070661488e-02  9.5596375710e-01  -3.2070710159e-02
5.043648e+03  9.5403824419e-01  3.1441537873e-02  9.5406347556e-01  -3.1442160253e-02
5.064318e+03  9.5217967567e-01  3.0699370949e-02  9.5220439662e-01  -3.0700566377e-02
5.084989e+03  9.5036919659e-01  2.9846924774e-02  9.5039329254e-01  -2.9848690139e-02
5.105660e+03  9.4861338020e-01  2.8887371451e-02  9.4863673958e-01  -2.8889701149e-02
5.126330e+03  9.4691857891e-01  2.7824275696e-02  9.4694109363e-01  -2.7827161589e-02
5.147001e+03  9.4529090125e-01  2.6661578033e-02  9.4531246714e-01  -2.6665009424e-02
5.167672e+03  9.4373619036e-01  2.5403576767e-02  9.4375670759e-01  -2.5407540384e-02
5.188343e+03  9.4226000392e-01  2.4054908864e-02  9.4227937736e-01  -2.4059388859e-02
5.209013e+03  9.4086759564e-01  2.2620529899e-02  9.4088573522e-01  -2.2625507858e-02
5.229684e+03  9.3956389821e-01  2.1105693181e-02  9.3958071923e-01  -2.1111148143e-02
5.250355e+03  9.3835350784e-01  1.9515928191e-02  9.3836893125e-01  -1.9521836680e-02
5.271025e+03  9.3724067023e-01  1.7857018445e-02  9.3725462293e-01  -1.7863354512e-02
5.291696e+03  9.3622926812e-01  1.6134978890e-02  9.3624168318e-01  -1.6141714167e-02
5.312367e+03  9.3532281019e-01  1.4356032931e-02  9.3533362710e-01  -1.4363136692e-02
5.333037e+03  9.3452442152e-01  1.2526589175e-02  9.3453358638e-01  -1.2534028409e-02
5.353708e+03  9.3383683532e-01  1.0653217966e-02  9.3384430104e-01  -1.0660957462e-02
5.374379e+03  9.3326238608e-01  8.7426277963e-03  9.3326811258e-01  -8.7506302350e-03
5.395049e+03  9.3280300406e-01  6.8016416300e-03  9.3280695841e-01  -6.8098676916e-03
5.415720e+03  9.3246021099e-01  4.8371732141e-03  9.3246236760e-01  -4.8455816960e-03
5.436391e+03  9.3223511708e-01  2.8562034094e-03  9.3223545784e-01  -2.8647513600e-03
5.457061e+03  9.3212841925e-01  8.6575658714e-04  9.3212693366e-01  -8.7439945539e-04
5.477732e+03  9.3214040051e-01  -1.1271228734e-03  9.3213708585e-01  1.1184310707e-03
5.498403e+03  9.3227093058e-01  -3.1153939546e-03  9.3226579197e-01  3.1067004463e-03
5.519074e+03  9.3251946760e-01  -5.0920422061e-03  9.3251251812e-01  5.0833952607e-03
5.539744e+03  9.3288506103e-01  -7.0501027575e-03  9.3287632173e-01  7.0415514554e-03
5.560415e+03  9.3336635564e-01  -8.9826831067e-03  9.3335585558e-01  8.9742770940e-03
5.581086e+03  9.3396159665e-01  -1.0882985656e-02  9.3394937287e-01  1.0874774877e-02
5.601756e+03  9.3466863599e-01  -1.2744329962e-02  9.3465473341e-01  1.2736364374e-02
5.622427e+03  9.3548493963e-01  -1.4560174657e-02  9.3546941091e-01  1.4552503931e-02
5.643098e+03  9.3640759607e-01  -1.6324139018e-02  9.3639050147e-01  1.6316812224e-02
5.663768e+03  9.3743332590e-01  -1.8030024123e-02  9.3741473301e-01  1.8023089405e-02
5.684439e+03  9.3855849254e-01  -1.9671833554e-02  9.3853847600e-01  1.9665337800e-02
5.705110e+03  9.3977911404e-01  -2.1243793597e-02  9.3975775517e-01  2.1237782111e-02
5.725780e+03  9.4109087598e-01  -2.2740372878e-02  9.4106826240e-01  2.2734889048e-02
5.746451e+03  9.4248914553e-01  -2.4156301371e-02  9.4246537068e-01  2.4151386353e-02
5.767122e+03  9.4396898657e-01  -2.5486588720e-02  9.4394414918e-01  2.5482281130e-02
5.787792e+03  9.4552517590e-01  -2.6726541794e-02  9.4549937944e-01  2.6722877425e-02
5.808463e+03  9.4715222049e-01  -2.7871781422e-02  9.4712557251e-01  2.7868792979e-02
5.829134e+03  9.4884437575e-01  -2.8918258209e-02  9.4881698728e-01  2.8915975079e-02
5.849805e+03  9.5059566487e-01  -2.9862267382e-02  9.5056764968e-01  2.9860715428e-02
5.870475e+03  9.5239989896e-01  -3.0700462566e-02  9.5237137288e-01  3.0699663968e-02
5.891146e+03  9.5425069827e-01  -3.1429868440e-02  9.5422177845e-01  3.1429841568e-02
5.911817e+03  9.5614151409e-01  -3.2047892176e-02  9.5611231829e-01  3.2048651502e-02
5.932487e+03  9.5806565151e-01  -3.2552333606e-02  9.5803629742e-01  3.2553889661e-02
5.953158e+03  9.6001629288e-01  -3.2941394037e-02  9.5998689739e-01  3.2943753413e-02
5.973829e+03  9.6198652183e-01  -3.3213683668e-02  9.6195720043e-01  3.3216849046e-02
5.994499e+03  9.6396934791e-01  -3.3368227526e-02  9.6394021405e-01  3.3372197756e-02
6.015170e+03  9.6595773158e-01  -3.3404469902e-02  9.6592889615e-01  3.3409240108e-02
6.035841e+03  9.6794460961e-01  -3.3322277219e-02  9.6791618040e-01  3.3327838935e-02
6.056511e+03  9.6992292068e-01  -3.3121939302e-02  9.6989500195e-01  3.3128280635e-02
6.077182e+03  9.7188563108e-01  -3.2804169037e-02  9.7185832315e-01  3.2811274851e-02
6.097853e+03  9.7382576049e-01  -3.2370100391e-02  9.7379915939e-01  3.2377952505e-02
6.118523e+03  9.7573640756e-01  -3.1821284781e-02  9.7571060474e-01  3.1829862180e-02
6.139194e+03  9.7761077537e-01  -3.1159685821e-02  9.7758585744e-01  3.1168964869e-02
6.159865e+03  9.7944219642e-01  -3.0387672424e-02  9.7941824494e-01  3.0397627083e-02
6.180535e+03  9.8122415731e-01  -2.9508010326e-02  9.8120124863e-01  2.9518612368e-02
6.201206e+03  9.8295032273e-01  -2.8523852022e-02  9.8292852782e-01  2.8535071241e-02
6.221877e+03  9.8461455885e-01  -2.7438725203e-02  9.8459394319e-01  2.7450529612e-02
6.242548e+03  9.8621095583e-01  -2.6256519705e-02  9.8619157933e-01  2.6268875730e-02
6.263218e+03  9.8773384954e-01  -2.4981473064e-02  9.8771576643e-01  2.4994345725e-02
6.283889e+03  9.8917784225e-01  -2.3618154729e-02  9.8916110105e-01  2.3631507812e-02
6.304560e+03  9.9053782220e-01  -2.2171449014e-02  9.9052246569e-01  2.2185245231e-02
6.325230e+03  9.9180898212e-01  -2.0646536869e-02  9.9179504730e-01  2.0660738013e-02
6.345901e+03  9.9298683641e-01  -1.9048876563e-02  9.9297435455e-01  1.9063443648e-02
6.366572e+03  9.9406723715e-01  -1.7384183357e-02  9.9405623380e-01  1.7399076760e-02
6.387242e+03  9.9504638870e-01  -1.5658408278e-02  9.9503688377e-01  1.5673587865e-02
6.407913e+03  9.9592086091e-01  -1.3877716073e-02  9.9591286871e-01  1.3893141326e-02
6.428584e+03  9.9668760092e-01  -1.2048462450e-02  9.9668113032e-01  1.2064092590e-02
6.449254e+03  9.9734394351e-01  -1.0177170707e-02  9.9733899802e-01  1.0192964809e-02
6.469925e+03  9.9788761994e-01  -8.2705078348e-03  9.9788419787e-01  8.2864249488e-03
6.490596e+03  9.9831676531e-01  -6.3352602125e-03  9.9831485994e-01  6.3512594757e-03
6.511266e+03  9.9862992433e-01  -4.3783089723e-03  9.9862952412e-01  4.3943497260e-03
6.531937e+03  9.9882605566e-01  -2.4066051486e-03  9.9882714449e-01  2.4226470540e-03
6.552608e+03  9.9890453468e-01  -4.2714469898e-04  9.9890709210e-01  4.4314785261e-04
6.573279e+03  9.9886515479e-01  1.5530565054e-03  9.9886915626e-01  -1.5371314559e-03
6.593949e+03  9.9870812713e-01  3.5269876278e-03  9.9871354436e-01  -3.5111793695e-03
6.614620e+03  9.9843407895e-01  5.4876676628e-03  9.9844088017e-01  -5.4720141043e-03
6.635291e+03  9.9804405043e-01  7.4281699943e-03  9.9805220069e-01  -7.4127081568e-03
6.655961e+03  9.9753949015e-01  9.3416466322e-03  9.9754895162e-01  -9.3264125436e-03
6.676632e+03  9.9692224917e-01  1.1221352048e-02  9.9693298137e-01  -1.1206380644e-02
6.697303e+03  9.9619457369e-01  1.3060666537e-02  9.9620653379e-01  -1.3045991566e-02
6.717973e+03  9.9535909655e-01  1.4853119031e-02  9.9537223956e-01  -1.4838772971e-02
6.738644e+03  9.9441882733e-01  1.6592409305e-02  9.9443310629e-01  -1.6578423287e-02
6.759315e+03  9.9337714135e-01  1.8272429515e-02  9.9339250752e-01  -1.8258833252e-02
6.779985e+03  9.9223776744e-01  1.9887285006e-02  9.9225417041e-01  -1.9874106740e-02
6.800656e+03  9.9100477464e-01  2.1431314351e-02  9.9102216242e-01  -2.1418580806e-02
6.821327e+03  9.8968255780e-01  2.2899108574e-02  9.8970087690e-01  -2.2886844915e-02
6.841997e+03  9.8827582222e-01  2.4285529499e-02  9.8829501766e-01  -2.4273759313e-02
6.862668e+03  9.8678956727e-01  2.5585727219e-02  9.8680958258e-01  -2.5574472493e-02
6.883339e+03  9.8522906909e-01  2.6795156611e-02  9.8524984631e-01  -2.6784437732e-02
6.904010e+03  9.8359986246e-01  2.7909592894e-02  9.8362134203e-01  -2.7899428645e-02
6.924680e+03  9.8190772178e-01  2.8925146177e-02  9.8192984249e-01  -2.8915553743e-02
6.945351e+03  9.8015864120e-01  2.9838274960e-02  9.8018134014e-01  -2.9829269943e-02
6.966022e+03  9.7835881413e-01  3.0645798557e-02  9.7838202659e-01  -3.0637394991e-02
6.986692e+03  9.7651461186e-01  3.1344908408e-02  9.7653827125e-01  -3.1337118770e-02
7.007363e+03  9.7463256162e-01  3.1933178210e-02  9.7465659944e-01  -3.1926013441e-02
7.028034e+03  9.7271932396e-01  3.2408572850e-02  9.7274366975e-01  -3.2402042364e-02
7.048704e+03  9.7078166952e-01  3.2769456078e-02  9.7080625087e-01  -3.2763567772e-02
7.069375e+03  9.6882645534e-01  3.3014596861e-02  9.6885119791e-01  -3.3009357122e-02
7.090046e+03  9.6686060064e-01  3.3143174385e-02  9.6688542819e-01  -3.3138588088e-02
7.110716e+03  9.6489106223e-01  3.3154781630e-02  9.6491589674e-01  -3.3150852133e-02
7.131387e+03  9.6292480961e-01  3.3049427487e-02  9.6294957138e-01  -3.3046156617e-02
7.152058e+03  9.6096879981e-01  3.2827537350e-02  9.6099340762e-01  -3.2824925391e-02
7.172728e+03  9.5902995216e-01  3.2489952159e-02  9.5905432345e-01  -3.2487997827e-02
7.193399e+03  9.5711512299e-01  3.2037925840e-02  9.5713917404e-01  -3.2036626258e-02
7.214070e+03  9.5523108040e-01  3.1473121127e-02  9.5525472658e-01  -3.1472471796e-02
7.234741e+03  9.5338447927e-01  3.0797603748e-02  9.5340763529e-01  -3.0797598516e-02
7.255411e+03  9.5158183661e-01  3.0013834962e-02  9.5160441681e-01  -3.0014465993e-02
7.276082e+03  9.4982950736e-01  2.9124662475e-02  9.4985142599e-01  -2.9125920211e-02
7.296753e+03  9.4813366078e-01  2.8133309738e-02  9.4815483232e-01  -2.8135182869e-02
7.317423e+03  9.4650025757e-01  2.7043363679e-02  9.4652059709e-01  -2.7045839114e-02
7.338094e+03  9.4493502788e-01  2.5858760933e-02  9.4495445137e-01  -2.5861823769e-02
7.358765e+03  9.4344345028e-01  2.4583772613e-02  9.4346187504e-01  -2.4587406110e-02
7.379435e+03  9.4203073180e-01  2.3222987735e-02  9.4204807681e-01  -2.3227173293e-02
7.400106e+03  9.4070178922e-01  2.1781295374e-02  9.4071797554e-01  -2.1786012517e-02
7.420777e+03  9.3946123162e-01  2.0263865665e-02  9.3947618276e-01  -2.0269092028e-02
