0.000000e+00  1.0000000000e+00  0.0000000000e+00  1.0000000000e+00  0.0000000000e+00
2.067069e+01  9.9992722451e-01  2.1129324592e-03  9.9992867035e-01  -2.1128117944e-03
4.134137e+01  9.9971211826e-01  4.2175100822e-03  9.9971499283e-01  -4.2172696080e-03
6.201206e+01  9.9935562124e-01  6.3054228923e-03  9.9935989960e-01  -6.3050642509e-03
8.268275e+01  9.9885928764e-01  8.3684501583e-03  9.9886493736e-01  -8.3679756893e-03
1.033534e+02  9.9822527547e-01  1.0398503922e-02  9.9823225697e-01  -1.0397916568e-02
1.240241e+02  9.9745633223e-01  1.2387671273e-02  9.9746459918e-01  -1.2386974485e-02
1.446948e+02  9.9655577682e-01  1.4328255001e-02  9.9656527665e-01  -1.4327452642e-02
1.653655e+02  9.9552747791e-01  1.6212812257e-02  9.9553815231e-01  -1.6211908509e-02
1.860362e+02  9.9437582907e-01  1.8034190914e-02  9.9438761453e-01  -1.8033190195e-02
2.067069e+02  9.9310572091e-01  1.9785563355e-02  9.9311854929e-01  -1.9784470235e-02
2.273776e+02  9.9172251054e-01  2.1460457423e-02  9.9173630963e-01  -2.1459276556e-02
2.480482e+02  9.9023198879e-01  2.3052784369e-02  9.9024668293e-01  -2.3051520428e-02
2.687189e+02  9.8864034540e-01  2.4556863627e-02  9.8865585607e-01  -2.4555521253e-02
2.893896e+02  9.8695413273e-01  2.5967444324e-02  9.8697037911e-01  -2.5966028080e-02
3.100603e+02  9.8518022811e-01  2.7279723461e-02  9.8519712775e-01  -2.7278237802e-02
3.307310e+02  9.8332579556e-01  2.8489360757e-02  9.8334326486e-01  -2.8487810003e-02
3.514017e+02  9.8139824675e-01  2.9592490175e-02  9.8141620164e-01  -2.9590878492e-02
3.720724e+02  9.7940520205e-01  3.0585728203e-02  9.7942355845e-01  -3.0584059594e-02
3.927431e+02  9.7735445156e-01  3.1466178983e-02  9.7737312597e-01  -3.1464457280e-02
4.134137e+02  9.7525391672e-01  3.2231436415e-02  9.7527282665e-01  -3.2229665284e-02
4.340844e+02  9.7311161252e-01  3.2879583404e-02  9.7313067701e-01  -3.2877766344e-02
4.547551e+02  9.7093561083e-01  3.3409188410e-02  9.7095475084e-01  -3.3407328760e-02
4.754258e+02  9.6873400474e-01  3.3819299505e-02  9.6875314354e-01  -3.3817400454e-02
4.960965e+02  9.6651487439e-01  3.4109436138e-02  9.6653393787e-01  -3.4107500734e-02
5.167672e+02  9.6428625423e-01  3.4279578826e-02  9.6430517121e-01  -3.4277609989e-02
5.374379e+02  9.6205610194e-01  3.4330156987e-02  9.6207480437e-01  -3.4328157517e-02
5.581086e+02  9.5983226909e-01  3.4262035131e-02  9.5985069226e-01  -3.4260007723e-02
5.787792e+02  9.5762247355e-01  3.4076497629e-02  9.5764055619e-01  -3.4074444885e-02
5.994499e+02  9.5543427377e-01  3.3775232276e-02  9.5545195814e-01  -3.3773156712e-02
6.201206e+02  9.5327504494e-01  3.3360312839e-02  9.5329227685e-01  -3.3358216897e-02
6.407913e+02  9.5115195693e-01  3.2834180792e-02  9.5116868572e-01  -3.2832066847e-02
6.614620e+02  9.4907195414e-01  3.2199626416e-02  9.4908813262e-01  -3.2197496784e-02
6.821327e+02  9.4704173712e-01  3.1459769436e-02  9.4705732148e-01  -3.1457626375e-02
7.028034e+02  9.4506774593e-01  3.0618039343e-02  9.4508269560e-01  -3.0615885055e-02
7.234741e+02  9.4315614525e-01  2.9678155549e-02  9.4317042277e-01  -2.9675992177e-02
7.441447e+02  9.4131281102e-01  2.8644107490e-02  9.4132638187e-01  -2.8641937116e-02
7.648154e+02  9.3954331875e-01  2.7520134801e-02  9.3955615118e-01  -2.7517959440e-02
7.854861e+02  9.3785293321e-01  2.6310707649e-02  9.3786499804e-01  -2.6308529238e-02
8.061568e+02  9.3624659952e-01  2.5020507309e-02  9.3625787001e-01  -2.5018327697e-02
8.268275e+02  9.3472893560e-01  2.3654407053e-02  9.3473938723e-01  -2.3652227992e-02
8.474982e+02  9.3330422576e-01  2.2217453409e-02  9.3331383612e-01  -2.2215276535e-02
8.681689e+02  9.3197641547e-01  2.0714847825e-02  9.3198516408e-01  -2.0712674650e-02
8.888396e+02  9.3074910712e-01  1.9151928784e-02  9.3075697535e-01  -1.9149760679e-02
9.095102e+02  9.2962555687e-01  1.7534154378e-02  9.2963252782e-01  -1.7531992565e-02
9.301809e+02  9.2860867220e-01  1.5867085371e-02  9.2861473063e-01  -1.5864930908e-02
9.508516e+02  9.2770101049e-01  1.4156368732e-02  9.2770614277e-01  -1.4154222506e-02
9.715223e+02  9.2690477815e-01  1.2407721659e-02  9.2690897226e-01  -1.2405584379e-02
9.921930e+02  9.2622183061e-01  1.0626916065e-02  9.2622507613e-01  -1.0624788263e-02
1.012864e+03  9.2565367286e-01  8.8197635295e-03  9.2565596096e-01  -8.8176455606e-03
1.033534e+03  9.2520146056e-01  6.9921006760e-03  9.2520278407e-01  -6.9899927234e-03
1.054205e+03  9.2486600174e-01  5.1497749687e-03  9.2486635520e-01  -5.1476770552e-03
1.074876e+03  9.2464775898e-01  3.2986308932e-03  9.2464713867e-01  -3.2965428955e-03
1.095546e+03  9.2454685209e-01  1.4444964957e-03  9.2454525609e-01  -1.4424181627e-03
1.116217e+03  9.2456306114e-01  -4.0682974859e-04  9.2456048938e-01  4.0889877520e-04
1.136888e+03  9.2469583003e-01  -2.2495917696e-03  9.2469228435e-01  2.2516519326e-03
1.157558e+03  9.2494427038e-01  -4.0780884689e-03  9.2493975456e-01  4.0801402730e-03
1.178229e+03  9.2530716586e-01  -5.8866860481e-03  9.2530168560e-01  5.8887300387e-03
1.198900e+03  9.2578297686e-01  -7.6698301299e-03  9.2577653985e-01  7.6718668742e-03
1.219571e+03  9.2636984557e-01  -9.4220576961e-03  9.2636246148e-01  9.4240877691e-03
1.240241e+03  9.2706560145e-01  -1.1138008872e-02  9.2705728193e-01  1.1140032847e-02
1.260912e+03  9.2786776712e-01  -1.2812438573e-02  9.2785852577e-01  1.2814457020e-02
1.281583e+03  9.2877356460e-01  -1.4440228044e-02  9.2876341697e-01  1.4442241535e-02
1.302253e+03  9.2977992201e-01  -1.6016396293e-02  9.2976888560e-01  1.6018405413e-02
1.322924e+03  9.3088348077e-01  -1.7536111442e-02  9.3087157492e-01  1.7538116818e-02
1.343595e+03  9.3208060312e-01  -1.8994702002e-02  9.3206784906e-01  1.8996704332e-02
1.364265e+03  9.3336738026e-01  -2.0387668072e-02  9.3335380102e-01  2.0389668166e-02
1.384936e+03  9.3473964089e-01  -2.1710692464e-02  9.3472526132e-01  2.1712691298e-02
1.405607e+03  9.3619296037e-01  -2.2959651748e-02  9.3617780713e-01  2.2961650521e-02
1.426277e+03  9.3772267039e-01  -2.4130627210e-02  9.3770677196e-01  2.4132627408e-02
1.446948e+03  9.3932386920e-01  -2.5219915704e-02  9.3930725591e-01  2.5221919170e-02
1.467619e+03  9.4099143249e-01  -2.6224040373e-02  9.4097413662e-01  2.6226049376e-02
1.488289e+03  9.4272002494e-01  -2.7139761232e-02  9.4270208074e-01  2.7141778536e-02
1.508960e+03  9.4450411236e-01  -2.7964085556e-02  9.4448555618e-01  2.7966114486e-02
1.529631e+03  9.4633797454e-01  -2.8694278058e-02  9.4631884491e-01  2.8696322558e-02
1.550302e+03  9.4821571883e-01  -2.9327870809e-02  9.4819605656e-01  2.9329935493e-02
1.570972e+03  9.5013129439e-01  -2.9862672852e-02  9.5011114267e-01  2.9864763046e-02
1.591643e+03  9.5207850719e-01  -3.0296779464e-02  9.5205791167e-01  3.0298901229e-02
1.612314e+03  9.5405103572e-01  -3.0628581014e-02  9.5403004461e-01  3.0630741163e-02
1.632984e+03  9.5604244748e-01  -3.0856771353e-02  9.5602111159e-01  3.0858977442e-02
1.653655e+03  9.5804621607e-01  -3.0980355681e-02  9.5802458892e-01  3.0982615989e-02
1.674326e+03  9.6005573917e-01  -3.0998657825e-02  9.6003387695e-01  3.1000981313e-02
1.694996e+03  9.6206435710e-01  -3.0911326861e-02  9.6204231871e-01  3.0913723108e-02
1.715667e+03  9.6406537207e-01  -3.0718343009e-02  9.6404321910e-01  3.0720822132e-02
1.736338e+03  9.6605206811e-01  -3.0420022742e-02  9.6602986478e-01  3.0422595288e-02
1.757008e+03  9.6801773164e-01  -3.0017023016e-02  9.6799554468e-01  3.0019699846e-02
1.777679e+03  9.6995567249e-01  -2.9510344582e-02  9.6993357106e-01  2.9513136721e-02
1.798350e+03  9.7185924562e-01  -2.8901334277e-02  9.7183730108e-01  2.8904252759e-02
1.819020e+03  9.7372187310e-01  -2.8191686245e-02  9.7370015882e-01  2.8194741937e-02
1.839691e+03  9.7553706665e-01  -2.7383442020e-02  9.7551565773e-01  2.7386645435e-02
1.860362e+03  9.7729845038e-01  -2.6478989400e-02  9.7727742335e-01  2.6482350503e-02
1.881033e+03  9.7899978386e-01  -2.5481060053e-02  9.7897921633e-01  2.5484588064e-02
1.901703e+03  9.8063498523e-01  -2.4392725808e-02  9.8061495548e-01  2.4396429001e-02
1.922374e+03  9.8219815449e-01  -2.3217393573e-02  9.8217874104e-01  2.3221279083e-02
1.943045e+03  9.8368359661e-01  -2.1958798833e-02  9.8366487776e-01  2.1962872477e-02
1.963715e+03  9.8508584458e-01  -2.0620997707e-02  9.8506789790e-01  2.0625263813e-02
1.984386e+03  9.8639968215e-01  -1.9208357518e-02  9.8638258395e-01  1.9212818783e-02
2.005057e+03  9.8762016612e-01  -1.7725545871e-02  9.8760399096e-01  1.7730203232e-02
2.025727e+03  9.8874264825e-01  -1.6177518213e-02  9.8872746835e-01  1.6182370752e-02
2.046398e+03  9.8976279638e-01  -1.4569503887e-02  9.8974868112e-01  1.4574548767e-02
2.067069e+03  9.9067661491e-01  -1.2906990689e-02  9.9066363029e-01  1.2912223114e-02
2.087739e+03  9.9148046427e-01  -1.1195707942e-02  9.9146867240e-01  1.1201121149e-02
2.108410e+03  9.9217107949e-01  -9.4416081123e-03  9.9216053808e-01  9.4471934002e-03
2.129081e+03  9.9274558749e-01  -7.6508470384e-03  9.9273634943e-01  7.6565938135e-03
2.149751e+03  9.9320152317e-01  -5.8297627904e-03  9.9319363609e-01  5.8356586469e-03
2.170422e+03  9.9353684407e-01  -3.9848532536e-03  9.9353034994e-01  3.9908840721e-03
2.191093e+03  9.9374994351e-01  -2.1227524995e-03  9.9374487832e-01  2.1289025661e-03
2.211764e+03  9.9383966210e-01  -2.5020603818e-04  9.9383605553e-01  2.5645817810e-04
2.232434e+03  9.9380529746e-01  1.6259549511e-03  9.9380317264e-01  -1.6196192271e-03
2.253105e+03  9.9364661212e-01  3.4988402985e-03  9.9364598544e-01  -3.4924406400e-03
2.273776e+03  9.9336383950e-01  5.3615283127e-03  9.9336472043e-01  -5.3550853693e-03
2.294446e+03  9.9295768784e-01  7.2070939088e-03  9.9296007881e-01  -7.2006291672e-03
2.315117e+03  9.9242934201e-01  9.0286372576e-03  9.9243323836e-01  -9.0221728778e-03
2.335788e+03  9.9178046321e-01  1.0819312807e-02  9.9178585314e-01  -1.0812871460e-02
2.356458e+03  9.9101318645e-01  1.2572358525e-02  9.9102005104e-01  -1.2565963230e-02
2.377129e+03  9.9013011576e-01  1.4281125195e-02  9.9013842901e-01  -1.4274799166e-02
2.397800e+03  9.8913431720e-01  1.5939105617e-02  9.8914404610e-01  -1.5932872103e-02
2.418470e+03  9.8802930956e-01  1.7539963517e-02  9.8804041420e-01  -1.7533845656e-02
2.439141e+03  9.8681905279e-01  1.9077562029e-02  9.8683148650e-01  -1.9071582697e-02
2.459812e+03  9.8550793430e-01  2.0545991544e-02  9.8552164376e-01  -2.0540173211e-02
2.480482e+03  9.8410075292e-01  2.1939596779e-02  9.8411567838e-01  -2.1933961366e-02
2.501153e+03  9.8260270083e-01  2.3253002883e-02  9.8261877632e-01  -2.3247571622e-02
2.521824e+03  9.8101934341e-01  2.4481140423e-02  9.8103649692e-01  -2.4475933717e-02
2.542495e+03  9.7935659705e-01  2.5619269083e-02  9.7937475089e-01  -2.5614306364e-02
2.563165e+03  9.7762070519e-01  2.6662999921e-02  9.7763977623e-01  -2.6658299517e-02
2.583836e+03  9.7581821248e-01  2.7608316042e-02  9.7583811254e-01  -2.7603895046e-02
2.604507e+03  9.7395593743e-01  2.8451591553e-02  9.7397657367e-01  -2.8447465686e-02
2.625177e+03  9.7204094353e-01  2.9189608661e-02  9.7206221886e-01  -2.9185792148e-02
2.645848e+03  9.7008050904e-01  2.9819572811e-02  9.7010232260e-01  -2.9816078262e-02
2.666519e+03  9.6808209562e-01  3.0339125762e-02  9.6810434328e-01  -3.0335964052e-02
2.687189e+03  9.6605331598e-01  3.0746356499e-02  9.6607589092e-01  -3.0743536666e-02
2.707860e+03  9.6400190075e-01  3.1039809933e-02  9.6402469402e-01  -3.1037339078e-02
2.728531e+03  9.6193566471e-01  3.1218493307e-02  9.6195856587e-01  -3.1216376508e-02
2.749201e+03  9.5986247258e-01  3.1281880281e-02  9.5988537039e-01  -3.1280120518e-02
2.769872e+03  9.5779020467e-01  3.1229912663e-02  9.5781298778e-01  -3.1228510762e-02
2.790543e+03  9.5572672242e-01  3.1062999788e-02  9.5574928010e-01  -3.1061954374e-02
2.811213e+03  9.5367983422e-01  3.0782015542e-02  9.5370205710e-01  -3.0781323012e-02
2.831884e+03  9.5165726152e-01  3.0388293061e-02  9.5167904233e-01  -3.0387947577e-02
2.852555e+03  9.4966660560e-01  2.9883617147e-02  9.4968783988e-01  -2.9883610646e-02
2.873226e+03  9.4771531504e-01  2.9270214463e-02  9.4773590186e-01  -2.9270536686e-02
2.893896e+03  9.4581065419e-01  2.8550741569e-02  9.4583049679e-01  -2.8551380111e-02
2.914567e+03  9.4395967268e-01  2.7728270901e-02  9.4397867911e-01  -2.7729211276e-02
2.935238e+03  9.4216917634e-01  2.6806274777e-02  9.4218725999e-01  -2.6807500510e-02
2.955908e+03  9.4044569941e-01  2.5788607568e-02  9.4046277954e-01  -2.5790100292e-02
2.976579e+03  9.3879547839e-01  2.4679486137e-02  9.3881148060e-01  -2.4681225714e-02
2.997250e+03  9.3722442765e-01  2.3483468696e-02  9.3723928420e-01  -2.3485433353e-02
3.017920e+03  9.3573811672e-01  2.2205432229e-02  9.3575176692e-01  -2.2207598699e-02
3.038591e+03  9.3434174963e-01  2.0850548618e-02  9.3435414006e-01  -2.0852892299e-02
3.059262e+03  9.3304014617e-01  1.9424259654e-02  9.3305123088e-01  -1.9426754771e-02
3.079932e+03  9.3183772527e-01  1.7932251077e-02  9.3184746593e-01  -1.7934870858e-02
3.100603e+03  9.3073849049e-01  1.6380425828e-02  9.3074685642e-01  -1.6383142676e-02
3.121274e+03  9.2974601764e-01  1.4774876664e-02  9.2975298585e-01  -1.4777662339e-02
3.141944e+03  9.2886344466e-01  1.3121858322e-02  9.2886899980e-01  -1.3124684123e-02
3.162615e+03  9.2809346363e-01  1.1427759387e-02  9.2809759788e-01  -1.1430596335e-02
3.183286e+03  9.2743831504e-01  9.6990740282e-03  9.2744102795e-01  -9.7018930466e-03
3.203957e+03  9.2689978414e-01  7.9423737666e-03  9.2690108243e-01  -7.9451458645e-03
3.224627e+03  9.2647919951e-01  6.1642794277e-03  9.2647909681e-01  -6.1669758744e-03
3.245298e+03  9.2617743369e-01  4.3714334221e-03  9.2617595025e-01  -4.3740259214e-03
3.265969e+03  9.2599490581e-01  2.5704725007e-03  9.2599206819e-01  -2.5729333592e-03
3.286639e+03  9.2593158628e-01  7.6800111530e-04  9.2592742694e-01  -7.7030340477e-04
3.307310e+03  9.2598700330e-01  -1.0294344887e-03  9.2598156019e-01  1.0273167753e-03
3.327981e+03  9.2616025122e-01  -2.8153713293e-03  9.2615356735e-01  2.8134631299e-03
3.348651e+03  9.2645000055e-01  -4.5834537843e-03  9.2644212353e-01  4.5817788280e-03
3.369322e+03  9.2685450975e-01  -6.3274566262e-03  9.2684549126e-01  6.3260373020e-03
3.389993e+03  9.2737163836e-01  -8.0413069004e-03  9.2736153365e-01  8.0401641361e-03
3.410663e+03  9.2799886162e-01  -9.7191045613e-03  9.2798772901e-01  9.7182577121e-03
3.431334e+03  9.2873328643e-01  -1.1355141790e-02  9.2872118670e-01  1.1354608539e-02
3.452005e+03  9.2957166835e-01  -1.2943920927e-02  9.2955866422e-01  1.2943717194e-02
3.472675e+03  9.3051042976e-01  -1.4480170952e-02  9.3049658533e-01  1.4480310820e-02
3.493346e+03  9.3154567884e-01  -1.5958862479e-02  9.3153105903e-01  1.5959358131e-02
3.514017e+03  9.3267322933e-01  -1.7375221212e-02  9.3265789934e-01  1.7376082877e-02
3.534688e+03  9.3388862094e-01  -1.8724739840e-02  9.3387264577e-01  1.8725975766e-02
3.555358e+03  9.3518714023e-01  -2.0003188366e-02  9.3517058412e-01  2.0004804797e-02
3.576029e+03  9.3656384176e-01  -2.1206622859e-02  9.3654676782e-01  2.1208624039e-02
3.596700e+03  9.3801356947e-01  -2.2331392649e-02  9.3799603922e-01  2.2333780838e-02
3.617370e+03  9.3953097809e-01  -2.3374145996e-02  9.3951305115e-01  2.3376921511e-02
3.638041e+03  9.4111055440e-01  -2.4331834284e-02  9.4109228817e-01  2.4334995553e-02
3.658712e+03  9.4274663825e-01  -2.5201714789e-02  9.4272808769e-01  2.5205258435e-02
3.679382e+03  9.4443344320e-01  -2.5981352123e-02  9.4441466070e-01  2.5985273055e-02
3.700053e+03  9.4616507662e-01  -2.6668618428e-02  9.4614611189e-01  2.6672909959e-02
3.720724e+03  9.4793555925e-01  -2.7261692444e-02  9.4791645933e-01  2.7266346424e-02
3.741394e+03  9.4973884395e-01  -2.7759057572e-02  9.4971965324e-01  2.7764064529e-02
3.762065e+03  9.5156883374e-01  -2.8159499059e-02  9.5154959412e-01  2.8164848359e-02
3.782736e+03  9.5341939899e-01  -2.8462100456e-02  9.5340015000e-01  2.8467780468e-02
3.803406e+03  9.5528439370e-01  -2.8666239495e-02  9.5526517276e-01  2.8672237764e-02
3.824077e+03  9.5715767095e-01  -2.8771583533e-02  9.5713851361e-01  2.8777886952e-02
3.844748e+03  9.5903309740e-01  -2.8778084709e-02  9.5901403767e-01  2.8784679694e-02
3.865419e+03  9.6090456705e-01  -2.8685974966e-02  9.6088563771e-01  2.8692847627e-02
3.886089e+03  9.6276601411e-01  -2.8495761065e-02  9.6274724710e-01  2.8502897366e-02
3.906760e+03  9.6461142525e-01  -2.8208219705e-02  9.6459285206e-01  2.8215605615e-02
3.927431e+03  9.6643485122e-01  -2.7824392866e-02  9.6641650325e-01  2.7832014495e-02
3.948101e+03  9.6823041801e-01  -2.7345583445e-02  9.6821232695e-01  2.7353427163e-02
3.968772e+03  9.6999233757e-01  -2.6773351247e-02  9.6997453577e-01  2.6781403786e-02
3.989443e+03  9.7171491845e-01  -2.6109509374e-02  9.7169743923e-01  2.6117757904e-02
4.010113e+03  9.7339257618e-01  -2.5356121001e-02  9.7337545415e-01  2.5364553189e-02
4.030784e+03  9.7501984389e-01  -2.4515496533e-02  9.7500311516e-01  2.4524100578e-02
4.051455e+03  9.7659138295e-01  -2.3590191093e-02  9.7657508539e-01  2.3598955740e-02
4.072125e+03  9.7810199408e-01  -2.2583002254e-02  9.7808616744e-01  2.2591916788e-02
4.092796e+03  9.7954662876e-01  -2.1496967931e-02  9.7953131480e-01  2.1506022146e-02
4.113467e+03  9.8092040134e-01  -2.0335364294e-02  9.8090564384e-01  2.0344548453e-02
4.134137e+03  9.8221860156e-01  -1.9101703570e-02  9.8220444636e-01  1.9111008336e-02
4.154808e+03  9.8343670791e-01  -1.7799731565e-02  9.8342320282e-01  1.7809147930e-02
4.175479e+03  9.8457040155e-01  -1.6433424741e-02  9.8455759621e-01  1.6442943932e-02
4.196150e+03  9.8561558100e-01  -1.5006986662e-02  9.8560352669e-01  1.5016600044e-02
4.216820e+03  9.8656837736e-01  -1.3524843637e-02  9.8655712674e-01  1.3534542606e-02
4.237491e+03  9.8742517023e-01  -1.1991639367e-02  9.8741477701e-01  1.2001415236e-02
4.258162e+03  9.8818260395e-01  -1.0412228435e-02  9.8817312255e-01  1.0422072323e-02
4.278832e+03  9.8883760435e-01  -8.7916684746e-03  9.8882908941e-01  8.8015711945e-03
4.299503e+03  9.8938739552e-01  -7.1352108798e-03  9.8937990149e-01  7.1451628263e-03
4.320174e+03  9.8982951670e-01  -5.4482899258e-03  9.8982309731e-01  5.4582809735e-03
4.340844e+03  9.9016183893e-01  -3.7365102151e-03  9.9015654664e-01  3.7465296228e-03
4.361515e+03  9.9038258134e-01  -2.0056323755e-03  9.9037846680e-01  2.0156686994e-03
4.382186e+03  9.9049032671e-01  -2.6155697343e-04  9.9048743819e-01  2.7159799303e-04
4.402856e+03  9.9048403632e-01  1.4896933609e-03  9.9048241908e-01  -1.4796607057e-03
4.423527e+03  9.9036306350e-01  3.2419935703e-03  9.9036275926e-01  -3.2319832272e-03
4.444198e+03  9.9012716602e-01  4.9891375067e-03  9.9012821232e-01  -4.9791643442e-03
4.464868e+03  9.8977651678e-01  6.7248608724e-03  9.8977894643e-01  -6.7149406972e-03
4.485539e+03  9.8931171282e-01  8.4428656407e-03  9.8931555332e-01  -8.4330151987e-03
4.506210e+03  9.8873378221e-01  1.0136845801e-02  9.8873905524e-01  -1.0127082762e-02
4.526881e+03  9.8804418894e-01  1.1800514246e-02  9.8805090982e-01  -1.1790857168e-02
4.547551e+03  9.8724483536e-01  1.3427630594e-02  9.8725301259e-01  -1.3418098879e-02
4.568222e+03  9.8633806219e-01  1.5012029726e-02  9.8634769706e-01  -1.5002643544e-02
4.588893e+03  9.8532664608e-01  1.6547650786e-02  9.8533773230e-01  -1.6538430998e-02
4.609563e+03  9.8421379443e-01  1.8028566396e-02  9.8422631780e-01  -1.8019534451e-02
4.630234e+03  9.8300313761e-01  1.9449011835e-02  9.8301707587e-01  -1.9440189654e-02
4.650905e+03  9.8169871859e-01  2.0803413891e-02  9.8171404122e-01  -2.0794823741e-02
4.671575e+03  9.8030497983e-01  2.2086419154e-02  9.8032164804e-01  -2.2078083504e-02
4.692246e+03  9.7882674772e-01  2.3292921465e-02  9.7884471449e-01  -2.3284862841e-02
4.712917e+03  9.7726921453e-01  2.4418088305e-02  9.7728842473e-01  -2.4410329126e-02
4.733587e+03  9.7563791801e-01  2.5457385850e-02  9.7565830861e-01  -2.5449948270e-02
4.754258e+03  9.7393871879e-01  2.6406602515e-02  9.7396021920e-01  -2.6399508255e-02
4.774929e+03  9.7217777584e-01  2.7261870765e-02  9.7220030826e-01  -2.7255140948e-02
4.795599e+03  9.7036152000e-01  2.8019687022e-02  9.7038499993e-01  -2.8013342006e-02
4.816270e+03  9.6849662597e-01  2.8676929523e-02  9.6852096273e-01  -2.8670988741e-02
4.836941e+03  9.6658998293e-01  2.9230874000e-02  9.6661508020e-01  -2.9225355802e-02
4.857612e+03  9.6464866387e-01  2.9679207083e-02  9.6467442041e-01  -2.9674128585e-02
4.878282e+03  9.6267989418e-01  3.0020037347e-02  9.6270620443e-01  -3.0015414288e-02
4.898953e+03  9.6069101939e-01  3.0251903972e-02  9.6071777420e-01  -3.0247750580e-02
4.919624e+03  9.5868947256e-01  3.0373782986e-02  9.5871655991e-01  -3.0370111845e-02
4.940294e+03  9.5668274143e-01  3.0385091089e-02  9.5671004711e-01  -3.0381913024e-02
4.960965e+03  9.5467833556e-01  3.0285687111e-02  9.5470574392e-01  -3.0283011070e-02
4.981636e+03  9.5268375371e-01  3.0075871123e-02  9.5271114833e-01  -3.0073704076e-02
5.002306e+03  9.5070645169e-01  2.9756381299e-02  9.5073371610e-01  -2.9754728144e-02
5.022977e+03  9.4875381075e-01  2.9328388600e-02  9.4878082906e-01  -2.9327252074e-02
5.043648e+03  9.4683310686e-01  2.8793489393e-02  9.4685976443e-01  -2.8792869996e-02
5.064318e+03  9.4495148091e-01  2.8153696116e-02  9.4497766490e-01  -2.8153592046e-02
5.084989e+03  9.4311590997e-01  2.7411426121e-02  9.4314150994e-01  -2.7411833216e-02
5.105660e+03  9.4133317985e-01  2.6569488824e-02  9.4135808825e-01  -2.6570400522e-02
5.126330e+03  9.3960985892e-01  2.5631071311e-02  9.3963397157e-01  -2.5632478613e-02
5.147001e+03  9.3795227337e-01  2.4599722529e-02  9.3797548989e-01  -2.4601613983e-02
5.167672e+03  9.3636648395e-01  2.3479336225e-02  9.3638870817e-01  -2.3481697916e-02
5.188343e+03  9.3485826421e-01  2.2274132760e-02  9.3487940452e-01  -2.2276948314e-02
5.209013e+03  9.3343308035e-01  2.0988639938e-02  9.3345305006e-01  -2.0991890540e-02
5.229684e+03  9.3209607266e-01  1.9627672998e-02  9.3211479030e-01  -1.9631337419e-02
5.250355e+03  9.3085203856e-01  1.8196313879e-02  9.3086942815e-01  -1.8200368513e-02
5.271025e+03  9.2970541723e-01  1.6699889893e-02  9.2972140857e-01  -1.6704308808e-02
5.291696e+03  9.2866027586e-01  1.5143951904e-02  9.2867480478e-01  -1.5148706905e-02
5.312367e+03  9.2772029750e-01  1.3534252136e-02  9.2773330606e-01  -1.3539312830e-02
5.333037e+03  9.2688877044e-01  1.1876721684e-02  9.2690020712e-01  -1.1882055563e-02
5.353708e+03  9.2616857909e-01  1.0177447822e-02  9.2617839903e-01  -1.0183020352e-02
5.374379e+03  9.2556219641e-01  8.4426511920e-03  9.2557036153e-01  -8.4484259149e-03
5.395049e+03  9.2507167778e-01  6.6786629265e-03  9.2507815699e-01  -6.6846015689e-03
5.415720e+03  9.2469865625e-01  4.8919017750e-03  9.2470342559e-01  -4.8979643723e-03
5.436391e+03  9.2444433928e-01  3.0888512832e-03  9.2444738204e-01  -3.0949963157e-03
5.457061e+03  9.2430950670e-01  1.2760370721e-03  9.2431081360e-01  -1.2822216158e-03
5.477732e+03  9.2429451014e-01  -5.3999574121e-04  9.2429407945e-01  5.3381584823e-04
5.498403e+03  9.2439927368e-01  -2.3527049449e-03  9.2439711128e-01  2.3465749189e-03
5.519074e+03  9.2462329581e-01  -4.1555734209e-03  9.2461941531e-01  4.1495393309e-03
5.539744e+03  9.2496565259e-01  -5.9421310884e-03  9.2496007537e-01  5.9362396368e-03
5.560415e+03  9.2542500216e-01  -7.7059765719e-03  9.2541775736e-01  7.7002748567e-03
5.581086e+03  9.2599959033e-01  -9.4407985611e-03  9.2599071484e-01  9.4353338213e-03
5.601756e+03  9.2668725749e-01  -1.1140396832e-02  9.2667679586e-01  1.1135216177e-02
5.622427e+03  9.2748544660e-01  -1.2798702896e-02  9.2747345094e-01  1.2793853022e-02
5.643098e+03  9.2839121249e-01  -1.4409800235e-02  9.2837774227e-01  1.4405327129e-02
5.663768e+03  9.2940123220e-01  -1.5967944097e-02  9.2938635403e-01  1.5963892733e-02
5.684439e+03  9.3051181653e-01  -1.7467580789e-02  9.3049560392e-01  1.7463994822e-02
5.705110e+03  9.3171892281e-01  -1.8903366445e-02  9.3170145578e-01  1.8900287900e-02
5.725780e+03  9.3301816864e-01  -2.0270185196e-02  9.3299953336e-01  2.0267654169e-02
5.746451e+03  9.3440484691e-01  -2.1563166710e-02  9.3438513525e-01  2.1561221071e-02
5.767122e+03  9.3587394181e-01  -2.2777703028e-02  9.3585325086e-01  2.2776378142e-02
5.787792e+03  9.3742014598e-01  -2.3909464651e-02  9.3739857746e-01  2.3908793118e-02
5.808463e+03  9.3903787863e-01  -2.4954415801e-02  9.3901553834e-01  2.4954427216e-02
5.829134e+03  9.4072130471e-01  -2.5908828807e-02  9.4069830189e-01  2.5909549552e-02
5.849805e+03  9.4246435507e-01  -2.6769297539e-02  9.4244080173e-01  2.6770750607e-02
5.870475e+03  9.4426074745e-01  -2.7532749836e-02  9.4423675770e-01  2.7534954680e-02
5.891146e+03  9.4610400844e-01  -2.8196458845e-02  9.4607969779e-01  2.8199431278e-02
5.911817e+03  9.4798749609e-01  -2.8758053231e-02  9.4796298077e-01  2.8761805353e-02
5.932487e+03  9.4990442339e-01  -2.9215526177e-02  9.4987981969e-01  2.9220066340e-02
5.953158e+03  9.5184788233e-01  -2.9567243121e-02  9.5182330592e-01  2.9572575940e-02
5.973829e+03  9.5381086851e-01  -2.9811948184e-02  9.5378643383e-01  2.9818074578e-02
5.994499e+03  9.5578630625e-01  -2.9948769228e-02  9.5576212594e-01  2.9955686496e-02
6.015170e+03  9.5776707412e-01  -2.9977221514e-02  9.5774325846e-01  2.9984923441e-02
6.035841e+03  9.5974603069e-01  -2.9897209907e-02  9.5972268713e-01  2.9905686897e-02
6.056511e+03  9.6171604047e-01  -2.9709029621e-02  9.6169327320e-01  2.9718268854e-02
6.077182e+03  9.6366999997e-01  -2.9413365468e-02  9.6364790950e-01  2.9423351071e-02
6.097853e+03  9.6560086365e-01  -2.9011289600e-02  9.6557954648e-01  2.9022002836e-02
6.118523e+03  9.6750166972e-01  -2.8504257755e-02  9.6748121808e-01  2.8515677214e-02
6.139194e+03  9.6936556572e-01  -2.7894104005e-02  9.6934606726e-01  2.7906205806e-02
6.159865e+03  9.7118583367e-01  -2.7183034019e-02  9.7116737128e-01  2.7195792006e-02
6.180535e+03  9.7295591469e-01  -2.6373616878e-02  9.7293856632e-01  2.6387002816e-02
6.201206e+03  9.7466943307e-01  -2.5468775469e-02  9.7465327155e-01  2.5482759234e-02
6.221877e+03  9.7632021959e-01  -2.4471775512e-02  9.7630531252e-01  2.4486325266e-02
6.242548e+03  9.7790233403e-01  -2.3386213249e-02  9.7788874365e-01  2.3401295616e-02
6.263218e+03  9.7941008676e-01  -2.2216001889e-02  9.7939786987e-01  2.2231582114e-02
6.283889e+03  9.8083805930e-01  -2.0965356840e-02  9.8082726718e-01  2.0981398940e-02
6.304560e+03  9.8218112383e-01  -1.9638779819e-02  9.8217180216e-01  1.9655246724e-02
6.325230e+03  9.8343446152e-01  -1.8241041913e-02  9.8342665038e-01  1.8257895603e-02
6.345901e+03  9.8459357958e-01  -1.6777165668e-02  9.8458731343e-01  1.6794367296e-02
6.366572e+03  9.8565432714e-01  -1.5252406283e-02  9.8564963481e-01  1.5269916299e-02
6.387242e+03  9.8661290963e-01  -1.3672232009e-02  9.8660981436e-01  1.3690010275e-02
6.407913e+03  9.8746590189e-01  -1.2042303824e-02  9.8746442139e-01  1.2060309727e-02
6.428584e+03  9.8821025981e-01  -1.0368454483e-02  9.8821040631e-01  1.0386647047e-02
6.449254e+03  9.8884333049e-01  -8.6566670217e-03  9.8884511083e-01  8.6750050177e-03
6.469925e+03  9.8936286091e-01  -6.9130528126e-03  9.8936627668e-01  6.9314948687e-03
6.490596e+03  9.8976700516e-01  -5.1438292577e-03  9.8977205282e-01  5.1623339718e-03
6.511266e+03  9.9005433003e-01  -3.3552972057e-03  9.9006100109e-01  3.3738232598e-03
6.531937e+03  9.9022381918e-01  -1.5538181870e-03  9.9023210038e-01  1.5723244635e-03
6.552608e+03  9.9027487569e-01  2.5420844750e-04  9.9028474924e-01  -2.3576274658e-04
6.573279e+03  9.9020732320e-01  2.0623683954e-03  9.9021876701e-01  -2.0440236277e-03
6.593949e+03  9.9002140541e-01  3.8642551923e-03  9.9003439335e-01  -3.8460511537e-03
6.614620e+03  9.8971778419e-01  5.6534928386e-03  9.8973228636e-01  -5.6354686410e-03
6.635291e+03  9.8929753620e-01  7.4237581791e-03  9.8931351921e-01  -7.4059521310e-03
6.655961e+03  9.8876214807e-01  9.1688029579e-03  9.8877957526e-01  -9.1512524468e-03
6.676632e+03  9.8811351015e-01  1.0882475471e-02  9.8813234188e-01  -1.0865216851e-02
6.697303e+03  9.8735390896e-01  1.2558741748e-02  9.8737410283e-01  -1.2541810233e-02
6.717973e+03  9.8648601829e-01  1.4191706188e-02  9.8650752935e-01  -1.4175135750e-02
6.738644e+03  9.8551288905e-01  1.5775631600e-02  9.8553566997e-01  -1.5759454881e-02
6.759315e+03  9.8443793787e-01  1.7304958583e-02  9.8446193910e-01  -1.7289206808e-02
6.779985e+03  9.8326493461e-01  1.8774324193e-02  9.8329010453e-01  -1.8759027104e-02
6.800656e+03  9.8199798870e-01  2.0178579867e-02  9.8202427370e-01  -2.0163765652e-02
6.821327e+03  9.8064153451e-01  2.1512808543e-02  9.8066887906e-01  -2.1498503794e-02
6.841997e+03  9.7920031565e-01  2.2772340965e-02  9.7922866234e-01  -2.2758570632e-02
6.862668e+03  9.7767936844e-01  2.3952771125e-02  9.7770865799e-01  -2.3939558488e-02
6.883339e+03  9.7608400440e-01  2.5049970833e-02  9.7611417566e-01  -2.5037337478e-02
6.904010e+03  9.7441979199e-01  2.6060103369e-02  9.7445078186e-01  -2.6048069180e-02
6.924680e+03  9.7269253752e-01  2.6979636223e-02  9.7272428097e-01  -2.6968219372e-02
6.945351e+03  9.7090826537e-01  2.7805352880e-02  9.7094069531e-01  -2.7794569829e-02
6.966022e+03  9.6907319744e-01  2.8534363634e-02  9.6910624474e-01  -2.8524229136e-02
6.986692e+03  9.6719373207e-01  2.9164115407e-02  9.6722732548e-01  -2.9154642514e-02
7.007363e+03  9.6527642222e-01  2.9692400551e-02  9.6531048837e-01  -2.9683600618e-02
7.028034e+03  9.6332795322e-01  3.0117364590e-02  9.6336241660e-01  -3.0109247284e-02
7.048704e+03  9.6135511990e-01  3.0437512885e-02  9.6138990291e-01  -3.0430086185e-02
7.069375e+03  9.5936480333e-01  3.0651716167e-02  9.5939982631e-01  -3.0644986367e-02
7.090046e+03  9.5736394708e-01  3.0759214922e-02  9.5739912842e-01  -3.0753186625e-02
7.110716e+03  9.5535953318e-01  3.0759622558e-02  9.5539478946e-01  -3.0754298672e-02
7.131387e+03  9.5335855780e-01  3.0652927335e-02  9.5339380390e-01  -3.0648309064e-02
7.152058e+03  9.5136800665e-01  3.0439493014e-02  9.5140315600e-01  -3.0435579838e-02
7.172728e+03  9.4939483036e-01  3.0120058166e-02  9.4942979508e-01  -3.0116847828e-02
7.193399e+03  9.4744591969e-01  2.9695734130e-02  9.4748061090e-01  -2.9693222614e-02
7.214070e+03  9.4552808092e-01  2.9168001580e-02  9.4556240894e-01  -2.9166183090e-02
7.234741e+03  9.4364801129e-01  2.8538705675e-02  9.4368188600e-01  -2.8537572608e-02
7.255411e+03  9.4181227484e-01  2.7810049783e-02  9.4184560591e-01  -2.7809592710e-02
7.276082e+03  9.4002727848e-01  2.6984587785e-02  9.4005997575e-01  -2.6984795425e-02
7.296753e+03  9.3829924871e-01  2.6065214949e-02  9.3833122253e-01  -2.6066074150e-02
7.317423e+03  9.3663420891e-01  2.5055157420e-02  9.3666537047e-01  -2.5056653137e-02
7.338094e+03  9.3503795735e-01  2.3957960341e-02  9.3506821907e-01  -2.3960075622e-02
7.358765e+03  9.3351604612e-01  2.2777474668e-02  9.3354532205e-01  -2.2780190641e-02
7.379435e+03  9.3207376103e-01  2.1517842726e-02  9.3210196721e-01  -2.1521138593e-02
7.400106e+03  9.3071610257e-01  2.0183482602e-02  9.3074315742e-01  -2.0187335633e-02
7.420777e+03  9.2944776804e-01  1.8779071425e-02  9.2947359280e-01  -1.8783456960e-02
