0.000000e+00  1.0000000000e+00  0.0000000000e+00  1.0000000000e+00  0.0000000000e+00
4.134137e+01  9.9969975771e-01  4.2423972856e-03  9.9969968216e-01  -4.2419740108e-03
8.268275e+01  9.9880425670e-01  8.4184415230e-03  9.9880390138e-01  -8.4176061567e-03
1.240241e+02  9.9732886976e-01  1.2463211059e-02  9.9732803788e-01  -1.2461985397e-02
1.653655e+02  9.9529876285e-01  1.6314592217e-02  9.9529727233e-01  -1.6313007649e-02
2.067069e+02  9.9274824033e-01  1.9914550295e-02  9.9274593033e-01  -1.9912646414e-02
2.480482e+02  9.8971987360e-01  2.3210251354e-02  9.8971661015e-01  -2.3208074343e-02
2.893896e+02  9.8626345474e-01  2.6155001191e-02  9.8625913493e-01  -2.6152602115e-02
3.307310e+02  9.8243482106e-01  2.8708979320e-02  9.8242937530e-01  -2.8706412445e-02
3.720724e+02  9.7829459861e-01  3.0839757731e-02  9.7828799125e-01  -3.0837078962e-02
4.134137e+02  9.7390691192e-01  3.2522605523e-02  9.7389914000e-01  -3.2519871028e-02
4.547551e+02  9.6933810320e-01  3.3740590411e-02  9.6932919349e-01  -3.3737855422e-02
4.960965e+02  9.6465549760e-01  3.4484495906e-02  9.6464550246e-01  -3.4481813692e-02
5.374379e+02  9.5992624460e-01  3.4752578521e-02  9.5991523708e-01  -3.4749999512e-02
5.787792e+02  9.5521625804e-01  3.4550192606e-02  9.5520432654e-01  -3.4547763636e-02
6.201206e+02  9.5058926922e-01  3.3889311418e-02  9.5057651191e-01  -3.3887075082e-02
6.614620e+02  9.4610600077e-01  3.2787972402e-02  9.4609252001e-01  -3.2785966513e-02
7.028034e+02  9.4182346292e-01  3.1269672468e-02  9.4180936003e-01  -3.1267929646e-02
7.441447e+02  9.3779436890e-01  2.9362736081e-02  9.3777973943e-01  -2.9361283469e-02
7.854861e+02  9.3406666282e-01  2.7099675292e-02  9.3405159251e-01  -2.7098534375e-02
8.268275e+02  9.3068315076e-01  2.4516556954e-02  9.3066771234e-01  -2.4515743500e-02
8.681689e+02  9.2768122458e-01  2.1652388660e-02  9.2766547525e-01  -2.1651912716e-02
9.095102e+02  9.2509266662e-01  1.8548531249e-02  9.2507664671e-01  -1.8548397174e-02
9.508516e+02  9.2294352461e-01  1.5248142579e-02  9.2292725756e-01  -1.5248349126e-02
9.921930e+02  9.2125404685e-01  1.1795654664e-02  9.2123754023e-01  -1.1796195068e-02
1.033534e+03  9.2003866801e-01  8.2362839560e-03  9.2002191575e-01  -8.2371460408e-03
1.074876e+03  9.1930603802e-01  4.6155728868e-03  9.1928902369e-01  -4.6167392312e-03
1.116217e+03  9.1905908776e-01  9.7895968335e-04  9.1904178866e-01  -9.8040782307e-04
1.157558e+03  9.1929512671e-01  -2.6286273978e-03  9.1927751863e-01  2.6269247171e-03
1.198900e+03  9.2000596965e-01  -6.1631555525e-03  9.1998803179e-01  6.1612300948e-03
1.240241e+03  9.2117809034e-01  -9.5818567298e-03  9.2115981003e-01  9.5797445515e-03
1.281583e+03  9.2279280137e-01  -1.2843584692e-02  9.2277417852e-01  1.2841326002e-02
1.322924e+03  9.2482646112e-01  -1.5909163116e-02  9.2480751207e-01  1.5906802232e-02
1.364265e+03  9.2725070908e-01  -1.8741727285e-02  9.2723146958e-01  1.8739312660e-02
1.405607e+03  9.3003273166e-01  -2.1307060963e-02  9.3001325897e-01  2.1304645193e-02
1.446948e+03  9.3313556109e-01  -2.3573928905e-02  9.3311593518e-01  2.3571568596e-02
1.488289e+03  9.3651841016e-01  -2.5514404240e-02  9.3649873425e-01  2.5512159632e-02
1.529631e+03  9.4013704599e-01  -2.7104188699e-02  9.4011744625e-01  2.7102122930e-02
1.570972e+03  9.4394420561e-01  -2.8322922390e-02  9.4392482990e-01  2.8321100328e-02
1.612314e+03  9.4789005513e-01  -2.9154478563e-02  9.4787107063e-01  2.9152965168e-02
1.653655e+03  9.5192269403e-01  -2.9587237657e-02  9.5190428366e-01  2.9586095923e-02
1.694996e+03  9.5598870428e-01  -2.9614333927e-02  9.5597106207e-01  2.9613622461e-02
1.736338e+03  9.6003374360e-01  -2.9233867086e-02  9.6001706880e-01  2.9233637436e-02
1.777679e+03  9.6400318021e-01  -2.8449070742e-02  9.6398767014e-01  2.8449364667e-02
1.819020e+03  9.6784276442e-01  -2.7268429089e-02  9.6782860631e-01  2.7269275987e-02
1.860362e+03  9.7149933108e-01  -2.5705733281e-02  9.7148669318e-01  2.5707148017e-02
1.901703e+03  9.7492152465e-01  -2.3780069193e-02  9.7491054733e-01  2.3782050598e-02
1.943045e+03  9.7806053739e-01  -2.1515729046e-02  9.7805132460e-01  2.1518259301e-02
1.984386e+03  9.8087084933e-01  -1.8942040482e-02  9.8086346086e-01  1.8945085500e-02
2.025727e+03  9.8331095670e-01  -1.6093108070e-02  9.8330540178e-01  1.6096618944e-02
2.067069e+03  9.8534407366e-01  -1.3007464191e-02  9.8534030729e-01  1.3011379615e-02
2.108410e+03  9.8693879331e-01  -9.7276284690e-03  9.8693671518e-01  9.7318778434e-03
2.149751e+03  9.8806969132e-01  -6.2995772241e-03  9.8806914789e-01  6.3040841286e-03
2.191093e+03  9.8871785645e-01  -2.7721271963e-03  9.8871864619e-01  2.7768128266e-03
2.232434e+03  9.8887133291e-01  8.0375953478e-04  9.8887321404e-01  -7.9897331808e-04
2.273776e+03  9.8852545900e-01  4.3757396575e-03  9.8852815983e-01  -4.3709279451e-03
2.315117e+03  9.8768309021e-01  7.8909092357e-03  9.8768632070e-01  -7.8861425497e-03
2.356458e+03  9.8635469539e-01  1.1296665826e-02  9.8635815897e-01  -1.1292009489e-02
2.397800e+03  9.8455831712e-01  1.4541594824e-02  9.8456172223e-01  -1.4537109142e-02
2.439141e+03  9.8231939144e-01  1.7576360985e-02  9.8232246198e-01  -1.7572102087e-02
2.480482e+03  9.7967042540e-01  2.0354584830e-02  9.7967290905e-01  -2.0350605922e-02
2.521824e+03  9.7665053360e-01  2.2833683035e-02  9.7665220808e-01  -2.2830035819e-02
2.563165e+03  9.7330483999e-01  2.4975651934e-02  9.7330551704e-01  -2.4972387969e-02
2.604507e+03  9.6968375483e-01  2.6747774189e-02  9.6968328186e-01  -2.6744945965e-02
2.645848e+03  9.6584214016e-01  2.8123230123e-02  9.6584039985e-01  -2.8120891702e-02
2.687189e+03  9.6183838071e-01  2.9081597516e-02  9.6183528909e-01  -2.9079804628e-02
2.728531e+03  9.5773338064e-01  2.9609226515e-02  9.5772888377e-01  -2.9608036049e-02
2.769872e+03  9.5358950816e-01  2.9699479707e-02  9.5358357778e-01  -2.9698948562e-02
2.811213e+03  9.4946951188e-01  2.9352831124e-02  9.4946214062e-01  -2.9353014455e-02
2.852555e+03  9.4543543395e-01  2.8576821971e-02  9.4542663024e-01  -2.8577770898e-02
2.893896e+03  9.4154754456e-01  2.7385874926e-02  9.4153732763e-01  -2.7387633845e-02
2.935238e+03  9.3786332182e-01  2.5800972885e-02  9.3785171698e-01  -2.5803576497e-02
2.976579e+03  9.3443649912e-01  2.3849211642e-02  9.3442353393e-01  -2.3852681946e-02
3.017920e+03  9.3131620057e-01  2.1563239520e-02  9.3130190171e-01  -2.1567582932e-02
3.059262e+03  9.2854618135e-01  1.8980599670e-02  9.2853057256e-01  -1.8985804445e-02
3.100603e+03  9.2616418716e-01  1.6142992922e-02  9.2614728818e-01  -1.6149027111e-02
3.141944e+03  9.2420144304e-01  1.3095480753e-02  9.2418326937e-01  -1.3102290801e-02
3.183286e+03  9.2268227756e-01  9.8856485921e-03  9.2266284132e-01  -9.8931586692e-03
3.224627e+03  9.2162388548e-01  6.5627497211e-03  9.2160319726e-01  -6.5708619338e-03
3.265969e+03  9.2103622819e-01  3.1768497120e-03  9.2101429945e-01  -3.1854451306e-03
3.307310e+03  9.2092206762e-01  -2.2200996733e-04  9.2089891348e-01  2.1306945582e-04
3.348651e+03  9.2127712644e-01  -3.5846118988e-03  9.2125276874e-01  3.5754809632e-03
3.389993e+03  9.2209036510e-01  -6.8633106363e-03  9.2206483558e-01  6.8541571975e-03
3.431334e+03  9.2334436374e-01  -1.0012715002e-02  9.2331770729e-01  1.0003716325e-02
3.472675e+03  9.2501579566e-01  -1.2990293150e-02  9.2498807313e-01  1.2981631437e-02
3.514017e+03  9.2707597642e-01  -1.5756891045e-02  9.2704726687e-01  1.5748748677e-02
3.555358e+03  9.2949147124e-01  -1.8277157671e-02  9.2946187358e-01  1.8269712233e-02
3.596700e+03  9.3222474240e-01  -2.0519873270e-02  9.3219437617e-01  2.0513292497e-02
3.638041e+03  9.3523481712e-01  -2.2458180360e-02  9.3520382248e-01  2.2452617231e-02
3.679382e+03  9.3847795685e-01  -2.4069721303e-02  9.3844649348e-01  2.4065309501e-02
3.720724e+03  9.4190830898e-01  -2.5336690379e-02  9.4187655441e-01  2.5333540360e-02
3.762065e+03  9.4547852541e-01  -2.6245812443e-02  9.4544667283e-01  2.6244008338e-02
3.803406e+03  9.4914033539e-01  -2.6788263827e-02  9.4910859116e-01  2.6787861371e-02
3.844748e+03  9.5284506511e-01  -2.6959553694e-02  9.5281364607e-01  2.6960579307e-02
3.886089e+03  9.5654410220e-01  -2.6759385126e-02  9.5651323283e-01  2.6761836144e-02
3.927431e+03  9.6018930907e-01  -2.6191514360e-02  9.6015921859e-01  2.6195360330e-02
3.968772e+03  9.6373339487e-01  -2.5263623804e-02  9.6370431422e-01  2.5268808678e-02
4.010113e+03  9.6713026062e-01  -2.3987219872e-02  9.6710241912e-01  2.3993664850e-02
4.051455e+03  9.7033533508e-01  -2.2377560486e-02  9.7030895629e-01  2.2385167257e-02
4.092796e+03  9.7330591904e-01  -2.0453610163e-02  9.7328121603e-01  2.0462264329e-02
4.134137e+03  9.7600155513e-01  -1.8238013613e-02  9.7597872514e-01  1.8247588046e-02
4.175479e+03  9.7838443628e-01  -1.5757072241e-02  9.7836365465e-01  1.5767430265e-02
4.216820e+03  9.8041985957e-01  -1.3040703155e-02  9.8040127375e-01  1.3051701450e-02
4.258162e+03  9.8207672691e-01  -1.0122357403e-02  9.8206045014e-01  1.0133848541e-02
4.299503e+03  9.8332808394e-01  -7.0388736034e-03  9.8331418926e-01  7.0507082220e-03
4.340844e+03  9.8415168166e-01  -3.8302453708e-03  9.8414019728e-01  3.8422739356e-03
4.382186e+03  9.8453053994e-01  -5.3928529109e-04  9.8452144578e-01  5.5135943521e-04
4.423527e+03  9.8445348500e-01  2.7888253684e-03  9.8444671104e-01  -2.7768518824e-03
4.464868e+03  9.8391563134e-01  6.1071042191e-03  9.8391105758e-01  -6.0953748420e-03
4.506210e+03  9.8291877723e-01  9.3674471704e-03  9.8291623541e-01  -9.3561020750e-03
4.547551e+03  9.8147168477e-01  1.2521405917e-02  9.8147096195e-01  -1.2510581537e-02
4.588893e+03  9.7959022042e-01  1.5521042207e-02  9.7959106409e-01  -1.5510870702e-02
4.630234e+03  9.7729733787e-01  1.8319831605e-02  9.7729946191e-01  -1.8310440155e-02
4.671575e+03  9.7462289144e-01  2.0873585329e-02  9.7462598287e-01  -2.0865095231e-02
4.712917e+03  9.7160327726e-01  2.3141356753e-02  9.7160700390e-01  -2.3133882355e-02
4.754258e+03  9.6828090819e-01  2.5086299491e-02  9.6828492658e-01  -2.5079947024e-02
4.795599e+03  9.6470353533e-01  2.6676446293e-02  9.6470749884e-01  -2.6671312682e-02
4.836941e+03  9.6092343592e-01  2.7885382083e-02  9.6092700291e-01  -2.7881553792e-02
4.878282e+03  9.5699649310e-01  2.8692789901e-02  9.5699933467e-01  -2.8690341873e-02
4.919624e+03  9.5298119617e-01  2.9084854832e-02  9.5298300315e-01  -2.9083849533e-02
4.960965e+03  9.4893759151e-01  2.9054517628e-02  9.4893808047e-01  -2.9055004193e-02
5.002306e+03  9.4492621482e-01  2.8601576242e-02  9.4492513283e-01  -2.8603589732e-02
5.043648e+03  9.4100703352e-01  2.7732639538e-02  9.4100416135e-01  -2.7736200286e-02
5.084989e+03  9.3723842534e-01  2.6460942537e-02  9.3723357906e-01  -2.6466055544e-02
5.126330e+03  9.3367621536e-01  2.4806036530e-02  9.3366924650e-01  -2.4812690927e-02
5.167672e+03  9.3037278987e-01  2.2793370287e-02  9.3036358396e-01  -2.2801538819e-02
5.209013e+03  9.2737630024e-01  2.0453780146e-02  9.2736477404e-01  -2.0463418601e-02
5.250355e+03  9.2472996577e-01  1.7822907047e-02  9.2471606380e-01  -1.7833953627e-02
5.291696e+03  9.2247148113e-01  1.4940558132e-02  9.2245517160e-01  -1.4952932718e-02
5.333037e+03  9.2063252962e-01  1.1850029017e-02  9.2061380046e-01  -1.1863632363e-02
5.374379e+03  9.1923840155e-01  8.5974009109e-03  9.1921725698e-01  -8.6121139133e-03
5.415720e+03  9.1830771516e-01  5.2308247213e-03  9.1828417298e-01  -5.2465078973e-03
5.457061e+03  9.1785223587e-01  1.7998019679e-03  9.1782632583e-01  -1.8162953544e-03
5.498403e+03  9.1787678965e-01  -1.6455296343e-03  9.1784855304e-01  1.6284059375e-03
5.539744e+03  9.1837926655e-01  -5.0550996612e-03  9.1834875663e-01  5.0375441441e-03
5.581086e+03  9.1935071010e-01  -8.3795925108e-03  9.1931799313e-01  8.3618200035e-03
5.622427e+03  9.2077548934e-01  -1.1571114640e-02  9.2074064596e-01  1.1553353162e-02
5.663768e+03  9.2263155040e-01  -1.4583837339e-02  9.2259467718e-01  1.4566324203e-02
5.705110e+03  9.2489074548e-01  -1.7374610799e-02  9.2485195621e-01  1.7357588171e-02
5.746451e+03  9.2751923685e-01  -1.9903544616e-02  9.2747866331e-01  1.9887254825e-02
5.787792e+03  9.3047797316e-01  -2.2134549278e-02  9.3043576533e-01  2.2119230190e-02
5.829134e+03  9.3372323470e-01  -2.4035832477e-02  9.3367956070e-01  2.4021713144e-02
5.870475e+03  9.3720724360e-01  -2.5580343426e-02  9.3716228954e-01  2.5567640125e-02
5.911817e+03  9.4087883391e-01  -2.6746157878e-02  9.4083280365e-01  2.6735070584e-02
5.953158e+03  9.4468417450e-01  -2.7516796435e-02  9.4463728936e-01  2.7507505662e-02
5.994499e+03  9.4856753621e-01  -2.7881468969e-02  9.4852003471e-01  2.7874132888e-02
6.035841e+03  9.5247209275e-01  -2.7835238721e-02  9.5242423048e-01  2.7829990423e-02
6.077182e+03  9.5634074413e-01  -2.7379100845e-02  9.5629279321e-01  2.7376045626e-02
6.118523e+03  9.6011694898e-01  -2.6519971707e-02  9.6006919709e-01  2.6519184380e-02
6.159865e+03  9.6374555196e-01  -2.5270587413e-02  9.6369830043e-01  2.5272109643e-02
6.201206e+03  9.6717359198e-01  -2.3649312147e-02  9.6712715252e-01  2.3653149912e-02
6.242548e+03  9.7035107645e-01  -2.1679859192e-02  9.7030576667e-01  2.1685980573e-02
6.283889e+03  9.7323170862e-01  -1.9390929733e-02  9.7318784603e-01  1.9399263233e-02
6.325230e+03  9.7577355592e-01  -1.6815776341e-02  9.7573145021e-01  1.6826209970e-02
6.366572e+03  9.7793964779e-01  -1.3991699496e-02  9.7789959229e-01  1.4004080876e-02
6.407913e+03  9.7969849503e-01  -1.0959486674e-02  9.7966075736e-01  1.0973624286e-02
6.449254e+03  9.8102452324e-01  -7.7628040177e-03  9.8098933572e-01  7.7784697298e-03
6.490596e+03  9.8189841475e-01  -4.4475510834e-03  9.8186596546e-01  4.4644840017e-03
6.531937e+03  9.8230735612e-01  -1.0611893423e-03  9.8227778068e-01  1.0791009178e-03
6.573279e+03  9.8224518846e-01  2.3479448124e-03  9.8221856325e-01  -2.3293645766e-03
6.614620e+03  9.8171245968e-01  5.7313318119e-03  9.8168879732e-01  -5.7124072978e-03
6.655961e+03  9.8071638057e-01  9.0409548302e-03  9.8069562754e-01  -9.0220171820e-03
6.697303e+03  9.7927068680e-01  1.2229969642e-02  9.7925272365e-01  -1.2211348921e-02
6.738644e+03  9.7739541146e-01  1.5253348865e-02  9.7738005538e-01  -1.5235366325e-02
6.779985e+03  9.7511657383e-01  1.8068492048e-02  9.7510358352e-01  -1.8051452863e-02
6.821327e+03  9.7246579117e-01  2.0635794335e-02  9.7245487393e-01  -2.0619981113e-02
6.862668e+03  9.6947982149e-01  2.2919168009e-02  9.6947064209e-01  -2.2904835402e-02
6.904010e+03  9.6620004566e-01  2.4886512768e-02  9.6619223587e-01  -2.4873883358e-02
6.945351e+03  9.6267189571e-01  2.6510131783e-02  9.6266506423e-01  -2.6499393375e-02
6.986692e+03  9.5894423587e-01  2.7767091444e-02  9.5893797846e-01  -2.7758395784e-02
7.028034e+03  9.5506870313e-01  2.8639522911e-02  9.5506261227e-01  -2.8632985739e-02
7.069375e+03  9.5109901258e-01  2.9114863271e-02  9.5109268624e-01  -2.9110565510e-02
7.110716e+03  9.4709023281e-01  2.9186033369e-02  9.4708328200e-01  -2.9184023150e-02
7.152058e+03  9.4309803717e-01  2.8851548427e-02  9.4309009246e-01  -2.8851843638e-02
7.193399e+03  9.3917793823e-01  2.8115556887e-02  9.3916865487e-01  -2.8118147947e-02
7.234741e+03  9.3538451432e-01  2.6987802817e-02  9.3537357605e-01  -2.6992655371e-02
7.276082e+03  9.3177063846e-01  2.5483507678e-02  9.3175776019e-01  -2.5490565068e-02
7.317423e+03  9.2838672313e-01  2.3623168868e-02  9.2837165223e-01  -2.3632354249e-02
7.358765e+03  9.2527999409e-01  2.1432274695e-02  9.2526251059e-01  -2.1443492741e-02
7.400106e+03  9.2249380787e-01  1.8940938189e-02  9.2247372384e-01  -1.8954076396e-02
