0.000000e+00  1.0000000000e+00  0.0000000000e+00  1.0000000000e+00  0.0000000000e+00
2.067069e+01  9.9993215802e-01  2.0970803316e-03  9.9993363531e-01  -2.0969564737e-03
4.134137e+01  9.9973189887e-01  4.1857705388e-03  9.9973483533e-01  -4.1855237027e-03
6.201206e+01  9.9940011091e-01  6.2577248956e-03  9.9940448040e-01  -6.2573567712e-03
8.268275e+01  9.9893826254e-01  8.3046860159e-03  9.9894403116e-01  -8.3041990115e-03
1.033534e+02  9.9834839229e-01  1.0318527963e-02  9.9835551875e-01  -1.0317925109e-02
1.240241e+02  9.9763309529e-01  1.2291298154e-02  9.9764153136e-01  -1.2290583005e-02
1.446948e+02  9.9679550608e-01  1.4215257692e-02  9.9680519707e-01  -1.4214434231e-02
1.653655e+02  9.9583927818e-01  1.6082919785e-02  9.9585016347e-01  -1.6081992326e-02
1.860362e+02  9.9476856048e-01  1.7887085935e-02  9.9478057406e-01  -1.7886059039e-02
2.067069e+02  9.9358797083e-01  1.9620879638e-02  9.9360104190e-01  -1.9619758028e-02
2.273776e+02  9.9230256715e-01  2.1277777347e-02  9.9231662072e-01  -2.1276565836e-02
2.480482e+02  9.9091781630e-01  2.2851636516e-02  9.9093277380e-01  -2.2850339943e-02
2.687189e+02  9.8943956116e-01  2.4336720572e-02  9.8945534106e-01  -2.4335343748e-02
2.893896e+02  9.8787398615e-01  2.5727720717e-02  9.8789050460e-01  -2.5726268381e-02
3.100603e+02  9.8622758166e-01  2.7019774490e-02  9.8624475307e-01  -2.7018251274e-02
3.307310e+02  9.8450710761e-01  2.8208481078e-02  9.8452484531e-01  -2.8206891482e-02
3.514017e+02  9.8271955662e-01  2.9289913391e-02  9.8273777340e-01  -2.9288261763e-02
3.720724e+02  9.8087211693e-01  3.0260626961e-02  9.8089072566e-01  -3.0258917485e-02
3.927431e+02  9.7897213555e-01  3.1117665748e-02  9.7899104970e-01  -3.1115902440e-02
4.134137e+02  9.7702708184e-01  3.1858564982e-02  9.7704621602e-01  -3.1856751688e-02
4.340844e+02  9.7504451170e-01  3.2481351176e-02  9.7506378214e-01  -3.2479491575e-02
4.547551e+02  9.7303203278e-01  3.2984539477e-02  9.7305135775e-01  -3.2982637085e-02
4.754258e+02  9.7099727076e-01  3.3367128541e-02  9.7101657097e-01  -3.3365186720e-02
4.960965e+02  9.6894783688e-01  3.3628593120e-02  9.6896703586e-01  -3.3626615087e-02
5.167672e+02  9.6689129699e-01  3.3768874568e-02  9.6691032133e-01  -3.3766863405e-02
5.374379e+02  9.6483514210e-01  3.3788369468e-02  9.6485392173e-01  -3.3786328133e-02
5.581086e+02  9.6278676059e-01  3.3687916598e-02  9.6280522894e-01  -3.3685847934e-02
5.787792e+02  9.6075341210e-01  3.3468782432e-02  9.6077150624e-01  -3.3466689178e-02
5.994499e+02  9.5874220321e-01  3.3132645383e-02  9.5875986394e-01  -3.3130530183e-02
6.201206e+02  9.5676006490e-01  3.2681578988e-02  9.5677723673e-01  -3.2679444397e-02
6.407913e+02  9.5481373169e-01  3.2118034205e-02  9.5483036286e-01  -3.2115882702e-02
6.614620e+02  9.5290972261e-01  3.1444821025e-02  9.5292576503e-01  -3.1442655009e-02
6.821327e+02  9.5105432391e-01  3.0665089527e-02  9.5106973301e-01  -3.0662911328e-02
7.028034e+02  9.4925357331e-01  2.9782310560e-02  9.4926830795e-01  -2.9780122434e-02
7.234741e+02  9.4751324599e-01  2.8800256165e-02  9.4752726830e-01  -2.8798060295e-02
7.441447e+02  9.4583884208e-01  2.7722979874e-02  9.4585211727e-01  -2.7720778367e-02
7.648154e+02  9.4423557561e-01  2.6554796989e-02  9.4424807181e-01  -2.6552591869e-02
7.854861e+02  9.4270836488e-01  2.5300264941e-02  9.4272005293e-01  -2.5298058143e-02
8.061568e+02  9.4126182410e-01  2.3964163806e-02  9.4127267741e-01  -2.3961957168e-02
8.268275e+02  9.3990025635e-01  2.2551477054e-02  9.3991025070e-01  -2.2549272306e-02
8.474982e+02  9.3862764758e-01  2.1067372585e-02  9.3863676094e-01  -2.1065171339e-02
8.681689e+02  9.3744766178e-01  1.9517184091e-02  9.3745587420e-01  -1.9514987833e-02
8.888396e+02  9.3636363702e-01  1.7906392801e-02  9.3637093049e-01  -1.7904202878e-02
9.095102e+02  9.3537858253e-01  1.6240609603e-02  9.3538494088e-01  -1.6238427217e-02
9.301809e+02  9.3449517652e-01  1.4525557586e-02  9.3450058534e-01  -1.4523383786e-02
9.508516e+02  9.3371576477e-01  1.2767054996e-02  9.3372021138e-01  -1.2764890672e-02
9.715223e+02  9.3304235999e-01  1.0970998610e-02  9.3304583338e-01  -1.0968844492e-02
9.921930e+02  9.3247664174e-01  9.1433475273e-03  9.3247913258e-01  -9.1412041868e-03
1.012864e+03  9.3201995697e-01  7.2901073548e-03  9.3202145765e-01  -7.2879752103e-03
1.033534e+03  9.3167332112e-01  5.4173147903e-03  9.3167382576e-01  -5.4151941162e-03
1.054205e+03  9.3143741971e-01  3.5310225674e-03  9.3143692418e-01  -3.5289135079e-03
1.074876e+03  9.3131261031e-01  1.6372847495e-03  9.3131111234e-01  -1.6351873365e-03
1.095546e+03  9.3129892511e-01  -2.5785765257e-04  9.3129642427e-01  2.5994347821e-04
1.116217e+03  9.3139607368e-01  -2.1483907652e-03  9.3139257147e-01  2.1504651300e-03
1.136888e+03  9.3160344630e-01  -4.0283416637e-03  9.3159894617e-01  4.0304047365e-03
1.157558e+03  9.3192011753e-01  -5.8917919386e-03  9.3191462492e-01  5.8938439056e-03
1.178229e+03  9.3234485020e-01  -7.7328910399e-03  9.3233837254e-01  7.7349320817e-03
1.198900e+03  9.3287609973e-01  -9.5458694263e-03  9.3286864646e-01  9.5478996987e-03
1.219571e+03  9.3351201880e-01  -1.1325051542e-02  9.3350360136e-01  1.1327071160e-02
1.240241e+03  9.3425046239e-01  -1.3064868637e-02  9.3424109422e-01  1.3066877670e-02
1.260912e+03  9.3508899319e-01  -1.4759871465e-02  9.3507868971e-01  1.4761869931e-02
1.281583e+03  9.3602488736e-01  -1.6404742846e-02  9.3601366593e-01  1.6406730723e-02
1.302253e+03  9.3705514074e-01  -1.7994310141e-02  9.3704302065e-01  1.7996287384e-02
1.322924e+03  9.3817647545e-01  -1.9523557615e-02  9.3816347785e-01  1.9525524186e-02
1.343595e+03  9.3938534692e-01  -2.0987638719e-02  9.3937149478e-01  2.0989594623e-02
1.364265e+03  9.4067795137e-01  -2.2381888267e-02  9.4066326949e-01  2.2383833603e-02
1.384936e+03  9.4205023387e-01  -2.3701834530e-02  9.4203474879e-01  2.3703769552e-02
1.405607e+03  9.4349789674e-01  -2.4943211216e-02  9.4348163680e-01  2.4945136398e-02
1.426277e+03  9.4501640869e-01  -2.6101969336e-02  9.4499940398e-01  2.6103885448e-02
1.446948e+03  9.4660101440e-01  -2.7174288927e-02  9.4658329685e-01  2.7176197117e-02
1.467619e+03  9.4824674474e-01  -2.8156590626e-02  9.4822834816e-01  2.8158492498e-02
1.488289e+03  9.4994842765e-01  -2.9045547043e-02  9.4992938783e-01  2.9047444737e-02
1.508960e+03  9.5170069968e-01  -2.9838093917e-02  9.5168105445e-01  2.9839990186e-02
1.529631e+03  9.5349801817e-01  -3.0531441007e-02  9.5347780752e-01  3.0533339287e-02
1.550302e+03  9.5533467416e-01  -3.1123082677e-02  9.5531394034e-01  3.1124987148e-02
1.570972e+03  9.5720480603e-01  -3.1610808129e-02  9.5718359369e-01  3.1612723761e-02
1.591643e+03  9.5910241387e-01  -3.1992711222e-02  9.5908077011e-01  3.1994643813e-02
1.612314e+03  9.6102137457e-01  -3.2267199834e-02  9.6099934907e-01  3.2269156029e-02
1.632984e+03  9.6295545768e-01  -3.2433004691e-02  9.6293310276e-01  3.2434991980e-02
1.653655e+03  9.6489834200e-01  -3.2489187609e-02  9.6487571269e-01  3.2491214313e-02
1.674326e+03  9.6684363291e-01  -3.2435149081e-02  9.6682078700e-01  3.2437224312e-02
1.694996e+03  9.6878488042e-01  -3.2270635135e-02  9.6876187846e-01  3.2272768734e-02
1.715667e+03  9.7071559793e-01  -3.1995743391e-02  9.7069250323e-01  3.1997945845e-02
1.736338e+03  9.7262928168e-01  -3.1610928250e-02  9.7260616023e-01  3.1613210589e-02
1.757008e+03  9.7451943079e-01  -3.1117005137e-02  9.7449635120e-01  3.1119378808e-02
1.777679e+03  9.7637956796e-01  -3.0515153725e-02  9.7635660132e-01  3.0517630441e-02
1.798350e+03  9.7820326065e-01  -2.9806920065e-02  9.7818048037e-01  2.9809511643e-02
1.819020e+03  9.7998414286e-01  -2.8994217560e-02  9.7996162444e-01  2.8996935735e-02
1.839691e+03  9.8171593720e-01  -2.8079326699e-02  9.8169375796e-01  2.8082182929e-02
1.860362e+03  9.8339247738e-01  -2.7064893499e-02  9.8337071617e-01  2.7067898761e-02
1.881033e+03  9.8500773101e-01  -2.5953926589e-02  9.8498646783e-01  2.5957091164e-02
1.901703e+03  9.8655582247e-01  -2.4749792876e-02  9.8653513808e-01  2.4753126140e-02
1.922374e+03  9.8803105595e-01  -2.3456211751e-02  9.8801103143e-01  2.3459721964e-02
1.943045e+03  9.8942793842e-01  -2.2077247780e-02  9.8940865468e-01  2.2080941891e-02
1.963715e+03  9.9074120250e-01  -2.0617301856e-02  9.9072273979e-01  2.0621185317e-02
1.984386e+03  9.9196582904e-01  -1.9081100776e-02  9.9194826640e-01  1.9085177376e-02
2.005057e+03  9.9309706938e-01  -1.7473685229e-02  9.9308048409e-01  1.7477956955e-02
2.025727e+03  9.9413046703e-01  -1.5800396185e-02  9.9411493409e-01  1.5804863107e-02
2.046398e+03  9.9506187888e-01  -1.4066859686e-02  9.9504747042e-01  1.4071519877e-02
2.067069e+03  9.9588749545e-01  -1.2278970061e-02  9.9587428019e-01  1.2283819535e-02
2.087739e+03  9.9660386046e-01  -1.0442871570e-02  9.9659190319e-01  1.0447904267e-02
2.108410e+03  9.9720788920e-01  -8.5649385346e-03  9.9719725028e-01  8.5701463283e-03
2.129081e+03  9.9769688593e-01  -6.6517539937e-03  9.9768762077e-01  6.6571267289e-03
2.149751e+03  9.9806855984e-01  -4.7100869390e-03  9.9806071847e-01  4.7156124982e-03
2.170422e+03  9.9832103967e-01  -2.7468682146e-03  9.9831466637e-01  2.7525326073e-03
2.191093e+03  9.9845288687e-01  -7.6916515524e-04  9.9844801973e-01  7.7495262895e-04
2.211764e+03  9.9846310696e-01  1.2158449352e-03  9.9845977760e-01  -1.2099517675e-03
2.232434e+03  9.9835115925e-01  3.2009023599e-03  9.9834939256e-01  -3.1949223784e-03
2.253105e+03  9.9811696469e-01  5.1786935398e-03  9.9811677853e-01  -5.1726469662e-03
2.273776e+03  9.9776091169e-01  7.1418803303e-03  9.9776231677e-01  -7.1357885693e-03
2.294446e+03  9.9728385993e-01  9.0831300045e-03  9.9728685967e-01  -9.0770154803e-03
2.315117e+03  9.9668714215e-01  1.0995145753e-02  9.9669173254e-01  -1.0989031744e-02
2.335788e+03  9.9597256357e-01  1.2870697547e-02  9.9597873317e-01  -1.2864608017e-02
2.356458e+03  9.9514239928e-01  1.4702653194e-02  9.9515012917e-01  -1.4696612630e-02
2.377129e+03  9.9419938923e-01  1.6484009424e-02  9.9420865306e-01  -1.6478042668e-02
2.397800e+03  9.9314673102e-01  1.8207922827e-02  9.9315749508e-01  -1.8202054916e-02
2.418470e+03  9.9198807037e-01  1.9867740461e-02  9.9200029363e-01  -1.9861996461e-02
2.439141e+03  9.9072748930e-01  2.1457029951e-02  9.9074112357e-01  -2.1451434802e-02
2.459812e+03  9.8936949209e-01  2.2969608907e-02  9.8938448213e-01  -2.2964187262e-02
2.480482e+03  9.8791898900e-01  2.4399573462e-02  9.8793527273e-01  -2.4394349528e-02
2.501153e+03  9.8638127786e-01  2.5741325769e-02  9.8639878650e-01  -2.5736323149e-02
2.521824e+03  9.8476202354e-01  2.6989600271e-02  9.8478068189e-01  -2.6984841805e-02
2.542495e+03  9.8306723547e-01  2.8139488582e-02  9.8308696216e-01  -2.8134996191e-02
2.563165e+03  9.8130324323e-01  2.9186462814e-02  9.8132395104e-01  -2.9182257339e-02
2.583836e+03  9.7947667041e-01  3.0126397194e-02  9.7949826664e-01  -3.0122498242e-02
2.604507e+03  9.7759440683e-01  3.0955587835e-02  9.7761679368e-01  -3.0952013625e-02
2.625177e+03  9.7566357930e-01  3.1670770521e-02  9.7568665430e-01  -3.1667537733e-02
2.645848e+03  9.7369152096e-01  3.2269136390e-02  9.7371517749e-01  -3.2266260023e-02
2.666519e+03  9.7168573962e-01  3.2748345412e-02  9.7170986741e-01  -3.2745838641e-02
2.687189e+03  9.6965388498e-01  3.3106537561e-02  9.6967837070e-01  -3.3104411612e-02
2.707860e+03  9.6760371514e-01  3.3342341619e-02  9.6762844302e-01  -3.3340605647e-02
2.728531e+03  9.6554306249e-01  3.3454881542e-02  9.6556791497e-01  -3.3453542523e-02
2.749201e+03  9.6347979920e-01  3.3443780350e-02  9.6350465767e-01  -3.3442842990e-02
2.769872e+03  9.6142180254e-01  3.3309161513e-02  9.6144654805e-01  -3.3308628170e-02
2.790543e+03  9.5937692018e-01  3.3051647836e-02  9.5940143425e-01  -3.3051518456e-02
2.811213e+03  9.5735293577e-01  3.2672357832e-02  9.5737710112e-01  -3.2672629912e-02
2.831884e+03  9.5535753485e-01  3.2172899638e-02  9.5538123622e-01  -3.2173568201e-02
2.852555e+03  9.5339827149e-01  3.1555362496e-02  9.5342139642e-01  -3.1556420095e-02
2.873226e+03  9.5148253565e-01  3.0822305881e-02  9.5150497518e-01  -3.0823742617e-02
2.893896e+03  9.4961752157e-01  2.9976746333e-02  9.4963917101e-01  -2.9978549899e-02
2.914567e+03  9.4781019737e-01  2.9022142116e-02  9.4783095691e-01  -2.9024297862e-02
2.935238e+03  9.4606727594e-01  2.7962375788e-02  9.4608705129e-01  -2.7964866806e-02
2.955908e+03  9.4439518729e-01  2.6801734821e-02  9.4441389023e-01  -2.6804542047e-02
2.976579e+03  9.4280005265e-01  2.5544890399e-02  9.4281760152e-01  -2.5547992734e-02
2.997250e+03  9.4128766023e-01  2.4196874547e-02  9.4130398035e-01  -2.4200248997e-02
3.017920e+03  9.3986344287e-01  2.2763055744e-02  9.3987846691e-01  -2.2766677571e-02
3.038591e+03  9.3853245775e-01  2.1249113187e-02  9.3854612600e-01  -2.1252956073e-02
3.059262e+03  9.3729936802e-01  1.9661009875e-02  9.3731162867e-01  -1.9665046096e-02
3.079932e+03  9.3616842669e-01  1.8004964694e-02  9.3617923596e-01  -1.8009165301e-02
3.100603e+03  9.3514346266e-01  1.6287423667e-02  9.3515278489e-01  -1.6291758680e-02
3.121274e+03  9.3422786886e-01  1.4515030575e-02  9.3423567657e-01  -1.4519469174e-02
3.141944e+03  9.3342459279e-01  1.2694597098e-02  9.3343086664e-01  -1.2699107820e-02
3.162615e+03  9.3273612914e-01  1.0833072670e-02  9.3274085785e-01  -1.0837623610e-02
3.183286e+03  9.3216451467e-01  8.9375142176e-03  9.3216769488e-01  -8.9420732247e-03
3.203957e+03  9.3171132534e-01  7.0150559380e-03  9.3171296141e-01  -7.0195908160e-03
3.224627e+03  9.3137767546e-01  5.0728792935e-03  9.3137777924e-01  -5.0773579956e-03
3.245298e+03  9.3116421901e-01  3.1181833578e-03  9.3116280956e-01  -3.1225741797e-03
3.265969e+03  9.3107115303e-01  1.1581556692e-03  9.3106825626e-01  -1.1624274367e-03
3.286639e+03  9.3109822284e-01  -8.0005627914e-04  9.3109387114e-01  7.9593402717e-04
3.307310e+03  9.3124472924e-01  -2.7493727829e-03  9.3123896108e-01  2.7454296192e-03
3.327981e+03  9.3150953747e-01  -4.6828087881e-03  9.3150239692e-01  4.6790732285e-03
3.348651e+03  9.3189108786e-01  -6.5934997597e-03  9.3188262413e-01  6.5899991032e-03
3.369322e+03  9.3238740804e-01  -8.4747264581e-03  9.3237767497e-01  8.4714866358e-03
3.389993e+03  9.3299612675e-01  -1.0319938530e-02  9.3298518223e-01  1.0316983964e-02
3.410663e+03  9.3371448887e-01  -1.2122776828e-02  9.3370239435e-01  1.2120130301e-02
3.431334e+03  9.3453937191e-01  -1.3877094386e-02  9.3452619174e-01  1.3874776922e-02
3.452005e+03  9.3546730348e-01  -1.5576975975e-02  9.3545310440e-01  1.5575006733e-02
3.472675e+03  9.3649447990e-01  -1.7216756184e-02  9.3647933040e-01  1.7215152361e-02
3.493346e+03  9.3761678567e-01  -1.8791035972e-02  9.3760075543e-01  1.8789812729e-02
3.514017e+03  9.3882981374e-01  -2.0294697647e-02  9.3881297304e-01  2.0293868039e-02
3.534688e+03  9.4012888637e-01  -2.1722918241e-02  9.4011130554e-01  2.1722493170e-02
3.555358e+03  9.4150907656e-01  -2.3071181251e-02  9.4149082545e-01  2.3071169439e-02
3.576029e+03  9.4296522974e-01  -2.4335286754e-02  9.4294637723e-01  2.4335694731e-02
3.596700e+03  9.4449198582e-01  -2.5511359878e-02  9.4447259937e-01  2.5512191990e-02
3.617370e+03  9.4608380115e-01  -2.6595857666e-02  9.4606394640e-01  2.6597116107e-02
3.638041e+03  9.4773497050e-01  -2.7585574348e-02  9.4771471096e-01  2.7587259217e-02
3.658712e+03  9.4943964886e-01  -2.8477645094e-02  9.4941904561e-01  2.8479754463e-02
3.679382e+03  9.5119187279e-01  -2.9269548284e-02  9.5117098433e-01  2.9272078301e-02
3.700053e+03  9.5298558145e-01  -2.9959106408e-02  9.5296446355e-01  2.9962051410e-02
3.720724e+03  9.5481463688e-01  -3.0544485666e-02  9.5479334253e-01  3.0547838313e-02
3.741394e+03  9.5667284379e-01  -3.1024194397e-02  9.5665142325e-01  3.1027945822e-02
3.762065e+03  9.5855396843e-01  -3.1397080446e-02  9.5853246928e-01  3.1401220420e-02
3.782736e+03  9.6045175673e-01  -3.1662327617e-02  9.6043022405e-01  3.1666844718e-02
3.803406e+03  9.6235995153e-01  -3.1819451341e-02  9.6233842807e-01  3.1824333137e-02
3.824077e+03  9.6427230888e-01  -3.1868293709e-02  9.6425083532e-01  3.1873526940e-02
3.844748e+03  9.6618261348e-01  -3.1809018016e-02  9.6616122873e-01  3.1814588776e-02
3.865419e+03  9.6808469322e-01  -3.1642102953e-02  9.6806343476e-01  3.1647996870e-02
3.886089e+03  9.6997243285e-01  -3.1368336598e-02  9.6995133707e-01  3.1374539005e-02
3.906760e+03  9.7183978693e-01  -3.0988810309e-02  9.7181888951e-01  3.0995306403e-02
3.927431e+03  9.7368079201e-01  -3.0504912647e-02  9.7366012833e-01  3.0511687636e-02
3.948101e+03  9.7548957831e-01  -2.9918323416e-02  9.7546918382e-01  2.9925362646e-02
3.968772e+03  9.7726038089e-01  -2.9231007883e-02  9.7724029143e-01  2.9238296948e-02
3.989443e+03  9.7898755040e-01  -2.8445211245e-02  9.7896780261e-01  2.8452736072e-02
4.010113e+03  9.8066556376e-01  -2.7563453340e-02  9.8064619531e-01  2.7571200257e-02
4.030784e+03  9.8228903462e-01  -2.6588523620e-02  9.8227008450e-01  2.6596479398e-02
4.051455e+03  9.8385272390e-01  -2.5523476348e-02  9.8383423265e-01  2.5531628221e-02
4.072125e+03  9.8535155059e-01  -2.4371625951e-02  9.8533356044e-01  2.4379961619e-02
4.092796e+03  9.8678060273e-01  -2.3136542473e-02  9.8676315771e-01  2.3145050078e-02
4.113467e+03  9.8813514879e-01  -2.1822046992e-02  9.8811829483e-01  2.1830715081e-02
4.134137e+03  9.8941064961e-01  -2.0432206906e-02  9.8939443448e-01  2.0441024375e-02
4.154808e+03  9.9060277075e-01  -1.8971330926e-02  9.9058724404e-01  1.8980286947e-02
4.175479e+03  9.9170739545e-01  -1.7443963629e-02  9.9169260842e-01  1.7453047568e-02
4.196150e+03  9.9272063815e-01  -1.5854879411e-02  9.9270664354e-01  1.5864080732e-02
4.216820e+03  9.9363885851e-01  -1.4209075671e-02  9.9362571030e-01  1.4218383835e-02
4.237491e+03  9.9445867591e-01  -1.2511765061e-02  9.9444642897e-01  1.2521169416e-02
4.258162e+03  9.9517698436e-01  -1.0768366642e-02  9.9516569411e-01  1.0777856318e-02
4.278832e+03  9.9579096762e-01  -8.9844958080e-03  9.9578068958e-01  8.9940596052e-03
4.299503e+03  9.9629811450e-01  -7.1659528299e-03  9.9628890382e-01  7.1755791159e-03
4.320174e+03  9.9669623410e-01  -5.3187099261e-03  9.9668814507e-01  5.3283865352e-03
4.340844e+03  9.9698347083e-01  -3.4488967581e-03  9.9697655633e-01  3.4586108996e-03
4.361515e+03  9.9715831898e-01  -1.5627842963e-03  9.9715262991e-01  1.5725224726e-03
4.382186e+03  9.9721963674e-01  3.3323297766e-04  9.9721522145e-01  -3.2348504125e-04
4.402856e+03  9.9716665923e-01  2.2326565321e-03  9.9716356293e-01  -2.2229139456e-03
4.423527e+03  9.9699901056e-01  4.1289048803e-03  9.9699727471e-01  -4.1191836324e-03
4.444198e+03  9.9671671452e-01  6.0153362438e-03  9.9671637627e-01  -6.0056532309e-03
4.464868e+03  9.9632020381e-01  7.8852726910e-03  9.9632129537e-01  -7.8756457297e-03
4.485539e+03  9.9581032742e-01  9.7320256221e-03  9.9581287554e-01  -9.7224734463e-03
4.506210e+03  9.9518835624e-01  1.1548922449e-02  9.9519238166e-01  -1.1539464689e-02
4.526881e+03  9.9445598650e-01  1.3329334284e-02  9.9446150340e-01  -1.3319991431e-02
4.547551e+03  9.9361534096e-01  1.5066704445e-02  9.9362235654e-01  -1.5057497793e-02
4.568222e+03  9.9266896779e-01  1.6754577530e-02  9.9267748183e-01  -1.6745529111e-02
4.588893e+03  9.9161983698e-01  1.8386628855e-02  9.9162984149e-01  -1.8377761348e-02
4.609563e+03  9.9047133426e-01  1.9956693975e-02  9.9048281319e-01  -1.9948030604e-02
4.630234e+03  9.8922725243e-01  2.1458798043e-02  9.8924018145e-01  -2.1450362461e-02
4.650905e+03  9.8789178025e-01  2.2887184750e-02  9.8790612662e-01  -2.2879000911e-02
4.671575e+03  9.8646948873e-01  2.4236344585e-02  9.8648521125e-01  -2.4228436597e-02
4.692246e+03  9.8496531505e-01  2.5501042148e-02  9.8498236414e-01  -2.5493434131e-02
4.712917e+03  9.8338454415e-01  2.6676342307e-02  9.8340286196e-01  -2.6669058230e-02
4.733587e+03  9.8173278810e-01  2.7757634933e-02  9.8175230875e-01  -2.7750698453e-02
4.754258e+03  9.8001596337e-01  2.8740658029e-02  9.8003661328e-01  -2.8734092325e-02
4.774929e+03  9.7824026632e-01  2.9621519049e-02  9.7826196459e-01  -2.9615346660e-02
4.795599e+03  9.7641214687e-01  3.0396714242e-02  9.7643480578e-01  -3.0390956901e-02
4.816270e+03  9.7453828077e-01  3.1063145882e-02  9.7456180633e-01  -3.1057824352e-02
4.836941e+03  9.7262554059e-01  3.1618137247e-02  9.7264983313e-01  -3.1613271171e-02
4.857612e+03  9.7068096562e-01  3.2059445287e-02  9.7070592046e-01  -3.2055053030e-02
4.878282e+03  9.6871173106e-01  3.2385270880e-02  9.6873723915e-01  -3.2381369393e-02
4.898953e+03  9.6672511651e-01  3.2594266673e-02  9.6675106519e-01  -3.2590871350e-02
4.919624e+03  9.6472847424e-01  3.2685542463e-02  9.6475474795e-01  -3.2682667014e-02
4.940294e+03  9.6272919723e-01  3.2658668157e-02  9.6275567824e-01  -3.2656324485e-02
4.960965e+03  9.6073468746e-01  3.2513674336e-02  9.6076125657e-01  -3.2511872424e-02
4.981636e+03  9.5875232432e-01  3.2251050476e-02  9.5877886163e-01  -3.2249798280e-02
5.002306e+03  9.5678943368e-01  3.1871740919e-02  9.5681581923e-01  -3.1871044267e-02
5.022977e+03  9.5485325758e-01  3.1377138666e-02  9.5487937207e-01  -3.1377001171e-02
5.043648e+03  9.5295092477e-01  3.0769077130e-02  9.5297665018e-01  -3.0769500108e-02
5.064318e+03  9.5108942226e-01  3.0049819939e-02  9.5111464247e-01  -3.0050802342e-02
5.084989e+03  9.4927556800e-01  2.9222048950e-02  9.4930016933e-01  -2.9223587303e-02
5.105660e+03  9.4751598474e-01  2.8288850591e-02  9.4753985651e-01  -2.8290938946e-02
5.126330e+03  9.4581707532e-01  2.7253700684e-02  9.4584011031e-01  -2.7256330584e-02
5.147001e+03  9.4418499926e-01  2.6120447889e-02  9.4420709414e-01  -2.6123608341e-02
5.167672e+03  9.4262565083e-01  2.4893295919e-02  9.4264670659e-01  -2.4896973385e-02
5.188343e+03  9.4114463863e-01  2.3576784660e-02  9.4116456095e-01  -2.3580963056e-02
5.209013e+03  9.3974726670e-01  2.2175770343e-02  9.3976596626e-01  -2.2180431047e-02
5.229684e+03  9.3843851713e-01  2.0695404889e-02  9.3845590997e-01  -2.0700526765e-02
5.250355e+03  9.3722303425e-01  1.9141114559e-02  9.3723904203e-01  -1.9146673993e-02
5.271025e+03  9.3610511030e-01  1.7518578028e-02  9.3611966058e-01  -1.7524548970e-02
5.291696e+03  9.3508867265e-01  1.5833703983e-02  9.3510169914e-01  -1.5840058001e-02
5.312367e+03  9.3417727249e-01  1.4092608346e-02  9.3418871529e-01  -1.4099314692e-02
5.333037e+03  9.3337407500e-01  1.2301591212e-02  9.3338388077e-01  -1.2308616898e-02
5.353708e+03  9.3268185086e-01  1.0467113587e-02  9.3268997304e-01  -1.0474423468e-02
5.374379e+03  9.3210296925e-01  8.5957739817e-03  9.3210936824e-01  -8.6033308499e-03
5.395049e+03  9.3163939214e-01  6.6942849361e-03  9.3164403545e-01  -6.7020496325e-03
5.415720e+03  9.3129266986e-01  4.7694495251e-03  9.3129553231e-01  -4.7773810566e-03
5.436391e+03  9.3106393804e-01  2.8281378892e-03  9.3106500187e-01  -2.8361935638e-03
5.457061e+03  9.3095391574e-01  8.7726383580e-04  9.3095317077e-01  -8.8539941234e-04
5.477732e+03  9.3096290479e-01  -1.0762384545e-03  9.3096034855e-01  1.0680685988e-03
5.498403e+03  9.3109079038e-01  -3.0254375812e-03  9.3108642822e-01  3.0172802649e-03
5.519074e+03  9.3133704281e-01  -4.9634279068e-03  9.3133088797e-01  4.9553309387e-03
5.539744e+03  9.3170072040e-01  -6.8833523389e-03  9.3169279404e-01  6.8753642925e-03
5.560415e+03  9.3218047355e-01  -8.7784248812e-03  9.3217080480e-01  8.7705948500e-03
5.581086e+03  9.3277454995e-01  -1.0641952923e-02  9.3276317587e-01  1.0634330256e-02
5.601756e+03  9.3348080096e-01  -1.2467359234e-02  9.3346776641e-01  1.2459993253e-02
5.622427e+03  9.3429668903e-01  -1.4248203627e-02  9.3428204661e-01  1.4241143332e-02
5.643098e+03  9.3521929635e-01  -1.5978204256e-02  9.3520310618e-01  1.5971498013e-02
5.663768e+03  9.3624533459e-01  -1.7651258496e-02  9.3622766408e-01  1.7644953718e-02
5.684439e+03  9.3737115572e-01  -1.9261463373e-02  9.3735207929e-01  1.9255606194e-02
5.705110e+03  9.3859276405e-01  -2.0803135469e-02  9.3857236277e-01  2.0797770423e-02
5.725780e+03  9.3990582930e-01  -2.2270830281e-02  9.3988419051e-01  2.2265999974e-02
5.746451e+03  9.4130570084e-01  -2.3659360933e-02  9.4128291764e-01  2.3655105731e-02
5.767122e+03  9.4278742299e-01  -2.4963816214e-02  9.4276359379e-01  2.4960173947e-02
5.787792e+03  9.4434575145e-01  -2.6179577850e-02  9.4432097935e-01  2.6176583525e-02
5.808463e+03  9.4597517071e-01  -2.7302336948e-02  9.4594956289e-01  2.7300022499e-02
5.829134e+03  9.4766991255e-01  -2.8328109546e-02  9.4764357966e-01  2.8326503604e-02
5.849805e+03  9.4942397553e-01  -2.9253251183e-02  9.4939703095e-01  2.9252378879e-02
5.870475e+03  9.5123114536e-01  -3.0074470424e-02  9.5120370455e-01  3.0074353231e-02
5.891146e+03  9.5308501624e-01  -3.0788841265e-02  9.5305719601e-01  3.0789496876e-02
5.911817e+03  9.5497901302e-01  -3.1393814340e-02  9.5495093079e-01  3.1395256587e-02
5.932487e+03  9.5690641405e-01  -3.1887226872e-02  9.5687818717e-01  3.1889465685e-02
5.953158e+03  9.5886037482e-01  -3.2267311287e-02  9.5883211993e-01  3.2270352695e-02
5.973829e+03  9.6083395218e-01  -3.2532702451e-02  9.6080578450e-01  3.2536548616e-02
5.994499e+03  9.6282012903e-01  -3.2682443445e-02  9.6279216184e-01  3.2687092743e-02
6.015170e+03  9.6481183955e-01  -3.2715989864e-02  9.6478418357e-01  3.2721436988e-02
6.035841e+03  9.6680199463e-01  -3.2633212564e-02  9.6677475755e-01  3.2639448662e-02
6.056511e+03  9.6878350763e-01  -3.2434398853e-02  9.6875679367e-01  3.2441411688e-02
6.077182e+03  9.7074932018e-01  -3.2120252076e-02  9.7072322968e-01  3.2128026211e-02
6.097853e+03  9.7269242805e-01  -3.1691889598e-02  9.7266705711e-01  3.1700406589e-02
6.118523e+03  9.7460590681e-01  -3.1150839170e-02  9.7458134701e-01  3.1160077776e-02
6.139194e+03  9.7648293733e-01  -3.0499033684e-02  9.7645927548e-01  3.0508970077e-02
6.159865e+03  9.7831683092e-01  -2.9738804335e-02  9.7829414884e-01  2.9749412315e-02
6.180535e+03  9.8010105397e-01  -2.8872872207e-02  9.8007942831e-01  2.8884123411e-02
6.201206e+03  9.8182925204e-01  -2.7904338331e-02  9.8180875415e-01  2.7916202437e-02
6.221877e+03  9.8349527325e-01  -2.6836672244e-02  9.8347596905e-01  2.6849117171e-02
6.242548e+03  9.8509319089e-01  -2.5673699111e-02  9.8507514075e-01  2.5686691203e-02
6.263218e+03  9.8661732508e-01  -2.4419585472e-02  9.8660058377e-01  2.4433089678e-02
6.283889e+03  9.8806226351e-01  -2.3078823676e-02  9.8804688013e-01  2.3092803714e-02
6.304560e+03  9.8942288109e-01  -2.1656215083e-02  9.8940889900e-01  2.1670633600e-02
6.325230e+03  9.9069435834e-01  -2.0156852109e-02  9.9068181521e-01  2.0171670829e-02
6.345901e+03  9.9187219872e-01  -1.8586099206e-02  9.9186112648e-01  1.8601279068e-02
6.366572e+03  9.9295224456e-01  -1.6949572859e-02  9.9294266947e-01  1.6965074156e-02
6.387242e+03  9.9393069167e-01  -1.5253120704e-02  9.9392263433e-01  1.5268903204e-02
6.407913e+03  9.9480410256e-01  -1.3502799838e-02  9.9479757802e-01  1.3518822911e-02
6.428584e+03  9.9556941826e-01  -1.1704854448e-02  9.9556443610e-01  1.1721077182e-02
6.449254e+03  9.9622396861e-01  -9.8656928223e-03  9.9622053306e-01  9.8820741446e-03
6.469925e+03  9.9676548114e-01  -7.9918638735e-03  9.9676359121e-01  8.0083626606e-03
6.490596e+03  9.9719208836e-01  -6.0900332412e-03  9.9719173802e-01  6.1066084368e-03
6.511266e+03  9.9750233359e-01  -4.1669590911e-03  9.9750351197e-01  4.1835698205e-03
6.531937e+03  9.9769517521e-01  -2.2294676975e-03  9.9769786681e-01  2.2460733832e-03
6.552608e+03  9.9776998947e-01  -2.8442890651e-04  9.9777417440e-01  3.0098938486e-04
6.573279e+03  9.9772657165e-01  1.6612684270e-03  9.9773222593e-01  -1.6447927894e-03
6.593949e+03  9.9756513590e-01  3.6007409367e-03  9.9757223170e-01  -3.5843891271e-03
6.614620e+03  9.9728631342e-01  5.5271350887e-03  9.9729481938e-01  -5.5109453334e-03
6.635291e+03  9.9689114932e-01  7.4336512838e-03  9.9690103084e-01  -7.4176609369e-03
6.655961e+03  9.9638109801e-01  9.3135676377e-03  9.9639231750e-01  -9.2978130728e-03
6.676632e+03  9.9575801717e-01  1.1160263359e-02  9.9577053434e-01  -1.1144779868e-02
6.697303e+03  9.9502416044e-01  1.2967241654e-02  9.9503793255e-01  -1.2952063347e-02
6.717973e+03  9.9418216874e-01  1.4728152079e-02  9.9419715081e-01  -1.4713311803e-02
6.738644e+03  9.9323506038e-01  1.6436812297e-02  9.9325120536e-01  -1.6422341549e-02
6.759315e+03  9.9218621991e-01  1.8087229151e-02  9.9220347888e-01  -1.8073158011e-02
6.779985e+03  9.9103938585e-01  1.9673619025e-02  9.9105770813e-01  -1.9659976095e-02
6.800656e+03  9.8979863730e-01  2.1190427433e-02  9.8981797054e-01  -2.1177239787e-02
6.821327e+03  9.8846837946e-01  2.2632347792e-02  9.8848866970e-01  -2.2619640936e-02
6.841997e+03  9.8705332818e-01  2.3994339343e-02  9.8707451992e-01  -2.3982137186e-02
6.862668e+03  9.8555849356e-01  2.5271644178e-02  9.8558052969e-01  -2.5259969015e-02
6.883339e+03  9.8398916256e-01  2.6459803346e-02  9.8401198441e-01  -2.6448675845e-02
6.904010e+03  9.8235088083e-01  2.7554672001e-02  9.8237442804e-01  -2.7544111204e-02
6.924680e+03  9.8064943364e-01  2.8552433562e-02  9.8067364416e-01  -2.8542456885e-02
6.945351e+03  9.7889082606e-01  2.9449612844e-02  9.7891563603e-01  -2.9440236091e-02
6.966022e+03  9.7708126235e-01  3.0243088142e-02  9.7710660609e-01  -3.0234325515e-02
6.986692e+03  9.7522712475e-01  3.0930102217e-02  9.7525293462e-01  -3.0921966327e-02
7.007363e+03  9.7333495142e-01  3.1508272143e-02  9.7336115784e-01  -3.1500774025e-02
7.028034e+03  9.7141141396e-01  3.1975597988e-02  9.7143794534e-01  -3.1968747114e-02
7.048704e+03  9.6946329422e-01  3.2330470267e-02  9.6949007699e-01  -3.2324274550e-02
7.069375e+03  9.6749746066e-01  3.2571676127e-02  9.6752441929e-01  -3.2566141930e-02
7.090046e+03  9.6552084425e-01  3.2698404217e-02  9.6554790131e-01  -3.2693536347e-02
7.110716e+03  9.6354041395e-01  3.2710248179e-02  9.6356749020e-01  -3.2706049885e-02
7.131387e+03  9.6156315192e-01  3.2607208733e-02  9.6159016648e-01  -3.2603681692e-02
7.152058e+03  9.5959602851e-01  3.2389694285e-02  9.5962289894e-01  -3.2386838586e-02
7.172728e+03  9.5764597705e-01  3.2058520032e-02  9.5767261962e-01  -3.2056334158e-02
7.193399e+03  9.5571986872e-01  3.1614905531e-02  9.5574619855e-01  -3.1613386331e-02
7.214070e+03  9.5382448737e-01  3.1060470681e-02  9.5385041872e-01  -3.1059613346e-02
7.234741e+03  9.5196650467e-01  3.0397230133e-02  9.5199195118e-01  -3.0397028162e-02
7.255411e+03  9.5015245549e-01  2.9627586094e-02  9.5017733044e-01  -2.9628031266e-02
7.276082e+03  9.4838871373e-01  2.8754319548e-02  9.4841293041e-01  -2.8755401893e-02
7.296753e+03  9.4668146881e-01  2.7780579912e-02  9.4670494077e-01  -2.7782287677e-02
7.317423e+03  9.4503670274e-01  2.6709873159e-02  9.4505934420e-01  -2.6712192781e-02
7.338094e+03  9.4346016816e-01  2.5546048461e-02  9.4348189432e-01  -2.5548964545e-02
7.358765e+03  9.4195736722e-01  2.4293283422e-02  9.4197809466e-01  -2.4296778712e-02
7.379435e+03  9.4053353160e-01  2.2956067968e-02  9.4055317866e-01  -2.2960123333e-02
7.400106e+03  9.3919360369e-01  2.1539186997e-02  9.3921209085e-01  -2.1543781416e-02
7.420777e+03  9.3794221905e-01  2.0047701884e-02  9.3795946931e-01  -2.0052812435e-02
