0.000000e+00  1.0000000000e+00  0.0000000000e+00  1.0000000000e+00  0.0000000000e+00
2.067069e+01  9.9991889918e-01  2.1397176925e-03  9.9992028419e-01  -2.1396043671e-03
4.134137e+01  9.9967872202e-01  4.2711401812e-03  9.9968147618e-01  -4.2709143429e-03
6.201206e+01  9.9928049188e-01  6.3860178990e-03  9.9928459196e-01  -6.3856811074e-03
8.268275e+01  9.9872590163e-01  8.4761920569e-03  9.9873131729e-01  -8.4757465321e-03
1.033534e+02  9.9801730228e-01  1.0533638875e-02  9.9802399642e-01  -1.0533087409e-02
1.240241e+02  9.9715768740e-01  1.2550512496e-02  9.9716561658e-01  -1.2549858358e-02
1.446948e+02  9.9615067344e-01  1.4519186170e-02  9.9615978832e-01  -1.4518433019e-02
1.653655e+02  9.9500047616e-01  1.6432291350e-02  9.9501072199e-01  -1.6431443145e-02
1.860362e+02  9.9371188355e-01  1.8282754354e-02  9.9372320069e-01  -1.8281815270e-02
2.067069e+02  9.9229022553e-01  2.0063830311e-02  9.9230254998e-01  -2.0062804664e-02
2.273776e+02  9.9074134068e-01  2.1769134127e-02  9.9075460464e-01  -2.1768026302e-02
2.480482e+02  9.8907154060e-01  2.3392668287e-02  9.8908567299e-01  -2.3391482686e-02
2.687189e+02  9.8728757204e-01  2.4928847341e-02  9.8730249909e-01  -2.4927588325e-02
2.893896e+02  9.8539657739e-01  2.6372518958e-02  9.8541222320e-01  -2.6371190808e-02
3.100603e+02  9.8340605386e-01  2.7718981513e-02  9.8342234091e-01  -2.7717588402e-02
3.307310e+02  9.8132381170e-01  2.8963998192e-02  9.8134066143e-01  -2.8962544155e-02
3.514017e+02  9.7915793194e-01  3.0103807655e-02  9.7917526525e-01  -3.0102296580e-02
3.720724e+02  9.7691672395e-01  3.1135131338e-02  9.7693446175e-01  -3.1133566949e-02
3.927431e+02  9.7460868322e-01  3.2055177499e-02  9.7462674685e-01  -3.2053563359e-02
4.134137e+02  9.7224244957e-01  3.2861642170e-02  9.7226076132e-01  -3.2859981680e-02
4.340844e+02  9.6982676626e-01  3.3552707175e-02  9.6984524976e-01  -3.3551003576e-02
4.547551e+02  9.6737044006e-01  3.4127035413e-02  9.6738902066e-01  -3.4125291797e-02
4.754258e+02  9.6488230266e-01  3.4583763617e-02  9.6490090781e-01  -3.4581982936e-02
4.960965e+02  9.6237117356e-01  3.4922492822e-02  9.6238973310e-01  -3.4920677901e-02
5.167672e+02  9.5984582458e-01  3.5143276764e-02  9.5986427100e-01  -3.5141430309e-02
5.374379e+02  9.5731494616e-01  3.5246608440e-02  9.5733321481e-01  -3.5244733058e-02
5.581086e+02  9.5478711555e-01  3.5233405090e-02  9.5480514483e-01  -3.5231503299e-02
5.787792e+02  9.5227076694e-01  3.5104991802e-02  9.5228849837e-01  -3.5103066043e-02
5.994499e+02  9.4977416354e-01  3.4863083984e-02  9.4979154189e-01  -3.4861136635e-02
6.201206e+02  9.4730537179e-01  3.4509768907e-02  9.4732234506e-01  -3.4507802294e-02
6.407913e+02  9.4487223744e-01  3.4047486535e-02  9.4488875688e-01  -3.4045502941e-02
6.614620e+02  9.4248236376e-01  3.3479009817e-02  9.4249838380e-01  -3.3477011489e-02
6.821327e+02  9.4014309163e-01  3.2807424627e-02  9.4015856977e-01  -3.2805413777e-02
7.028034e+02  9.3786148150e-01  3.2036109504e-02  9.3787637825e-01  -3.2034088316e-02
7.234741e+02  9.3564429733e-01  3.1168715351e-02  9.3565857602e-01  -3.1166685973e-02
7.441447e+02  9.3349799212e-01  3.0209145198e-02  9.3351161880e-01  -3.0207109742e-02
7.648154e+02  9.3142869530e-01  2.9161534162e-02  9.3144163851e-01  -2.9159494691e-02
7.854861e+02  9.2944220155e-01  2.8030229690e-02  9.2945443222e-01  -2.8028188207e-02
8.061568e+02  9.2754396128e-01  2.6819772163e-02  9.2755545254e-01  -2.6817730601e-02
8.268275e+02  9.2573907246e-01  2.5534875942e-02  9.2574979947e-01  -2.5532836143e-02
8.474982e+02  9.2403227373e-01  2.4180410889e-02  9.2404221357e-01  -2.4178374588e-02
8.681689e+02  9.2242793888e-01  2.2761384418e-02  9.2243707039e-01  -2.2759353223e-02
8.888396e+02  9.2093007232e-01  2.1282924099e-02  9.2093837600e-01  -2.1280899475e-02
9.095102e+02  9.1954230575e-01  1.9750260832e-02  9.1954976366e-01  -1.9748244079e-02
9.301809e+02  9.1826789571e-01  1.8168712597e-02  9.1827449144e-01  -1.8166704838e-02
9.508516e+02  9.1710972209e-01  1.6543668788e-02  9.1711544069e-01  -1.6541670949e-02
9.715223e+02  9.1607028746e-01  1.4880575104e-02  9.1607511544e-01  -1.4878587910e-02
9.921930e+02  9.1515171715e-01  1.3184919007e-02  9.1515564248e-01  -1.3182942967e-02
1.012864e+03  9.1435576007e-01  1.1462215701e-02  9.1435877222e-01  -1.1460251111e-02
1.033534e+03  9.1368379017e-01  9.7179946273e-03  9.1368588013e-01  -9.7160415664e-03
1.054205e+03  9.1313680847e-01  7.9577864279e-03  9.1313796882e-01  -7.9558447682e-03
1.074876e+03  9.1271544570e-01  6.1871103655e-03  9.1271567066e-01  -6.1851797810e-03
1.095546e+03  9.1241996544e-01  4.4114621491e-03  9.1241925095e-01  -4.4095421300e-03
1.116217e+03  9.1225026780e-01  2.6363021387e-03  9.1224861155e-01  -2.6343920097e-03
1.136888e+03  9.1220589347e-01  8.6704389138e-04  9.1220329497e-01  -8.6514283169e-04
1.157558e+03  9.1228602834e-01  -8.9095698650e-04  9.1228248896e-01  8.9284992252e-04
1.178229e+03  9.1248950846e-01  -2.6324137170e-03  9.1248503145e-01  2.6342995793e-03
1.198900e+03  9.1281482547e-01  -4.3521189911e-03  9.1280941602e-01  4.3539989150e-03
1.219571e+03  9.1326013245e-01  -6.0449554038e-03  9.1325379767e-01  6.0468305949e-03
1.240241e+03  9.1382325019e-01  -7.7059057151e-03  9.1381599912e-01  7.7077774373e-03
1.260912e+03  9.1450167385e-01  -9.3300629613e-03  9.1449351749e-01  9.3319325312e-03
1.281583e+03  9.1529258012e-01  -1.0912640443e-02  9.1528353138e-01  1.0914509230e-02
1.302253e+03  9.1619283476e-01  -1.2448981609e-02  9.1618290849e-01  1.2450851042e-02
1.322924e+03  9.1719900066e-01  -1.3934569851e-02  9.1718821359e-01  1.3936441435e-02
1.343595e+03  9.1830734633e-01  -1.5365038229e-02  9.1829571704e-01  1.5366913566e-02
1.364265e+03  9.1951385488e-01  -1.6736179123e-02  9.1950140381e-01  1.6738059946e-02
1.384936e+03  9.2081423353e-01  -1.8043953829e-02  9.2080098294e-01  1.8045842039e-02
1.405607e+03  9.2220392364e-01  -1.9284502091e-02  9.2218989763e-01  1.9286399804e-02
1.426277e+03  9.2367811130e-01  -2.0454151567e-02  9.2366333581e-01  2.0456061161e-02
1.446948e+03  9.2523173848e-01  -2.1549427213e-02  9.2521624134e-01  2.1551351388e-02
1.467619e+03  9.2685951479e-01  -2.2567060586e-02  9.2684332577e-01  2.2569002412e-02
1.488289e+03  9.2855592986e-01  -2.3503999021e-02  9.2853908074e-01  2.3505962000e-02
1.508960e+03  9.3031526637e-01  -2.4357414685e-02  9.3029779100e-01  2.4359402798e-02
1.529631e+03  9.3213161369e-01  -2.5124713460e-02  9.3211354811e-01  2.5126731212e-02
1.550302e+03  9.3399888224e-01  -2.5803543623e-02  9.3398026473e-01  2.5805596085e-02
1.570972e+03  9.3591081850e-01  -2.6391804297e-02  9.3589168969e-01  2.6393897135e-02
1.591643e+03  9.3786102072e-01  -2.6887653617e-02  9.3784142363e-01  2.6889793106e-02
1.612314e+03  9.3984295527e-01  -2.7289516568e-02  9.3982293543e-01  2.7291709599e-02
1.632984e+03  9.4184997377e-01  -2.7596092448e-02  9.4182957921e-01  2.7598346520e-02
1.653655e+03  9.4387533077e-01  -2.7806361903e-02  9.4385461212e-01  2.7808685092e-02
1.674326e+03  9.4591220224e-01  -2.7919593470e-02  9.4589121270e-01  2.7921994390e-02
1.694996e+03  9.4795370457e-01  -2.7935349577e-02  9.4793249993e-01  2.7937837314e-02
1.715667e+03  9.4999291430e-01  -2.7853491933e-02  9.4997155289e-01  2.7856075969e-02
1.736338e+03  9.5202288843e-01  -2.7674186250e-02  9.5200143106e-01  2.7676876359e-02
1.757008e+03  9.5403668523e-01  -2.7397906225e-02  9.5401519509e-01  2.7400712361e-02
1.777679e+03  9.5602738566e-01  -2.7025436722e-02  9.5600592818e-01  2.7028368885e-02
1.798350e+03  9.5798811519e-01  -2.6557876098e-02  9.5796675785e-01  2.6560944181e-02
1.819020e+03  9.5991206605e-01  -2.5996637585e-02  9.5989087819e-01  2.5999851217e-02
1.839691e+03  9.6179251988e-01  -2.5343449692e-02  9.6177157240e-01  2.5346818066e-02
1.860362e+03  9.6362287055e-01  -2.4600355551e-02  9.6360223565e-01  2.4603887247e-02
1.881033e+03  9.6539664733e-01  -2.3769711155e-02  9.6537639812e-01  2.3773413958e-02
1.901703e+03  9.6710753801e-01  -2.2854182430e-02  9.6708774814e-01  2.2858063157e-02
1.922374e+03  9.6874941217e-01  -2.1856741103e-02  9.6873015542e-01  2.1860805428e-02
1.943045e+03  9.7031634429e-01  -2.0780659307e-02  9.7029769413e-01  2.0784911603e-02
1.963715e+03  9.7180263677e-01  -1.9629502900e-02  9.7178466583e-01  1.9633946098e-02
1.984386e+03  9.7320284255e-01  -1.8407123456e-02  9.7318562219e-01  1.8411758921e-02
2.005057e+03  9.7451178745e-01  -1.7117648918e-02  9.7449538718e-01  1.7122476348e-02
2.025727e+03  9.7572459186e-01  -1.5765472885e-02  9.7570907889e-01  1.5770490239e-02
2.046398e+03  9.7683669191e-01  -1.4355242531e-02  9.7682213061e-01  1.4360445985e-02
2.067069e+03  9.7784385980e-01  -1.2891845174e-02  9.7783031123e-01  1.2897229102e-02
2.087739e+03  9.7874222331e-01  -1.1380393478e-02  9.7872974470e-01  1.1385950471e-02
2.108410e+03  9.7952828421e-01  -9.8262093488e-03  9.7951692855e-01  9.8319302466e-03
2.129081e+03  9.8019893563e-01  -8.2348065186e-03  9.8018875123e-01  8.2406804849e-03
2.149751e+03  9.8075147811e-01  -6.6118718977e-03  9.8074250820e-01  6.6178865058e-03
2.170422e+03  9.8118363431e-01  -4.9632457253e-03  9.8117591672e-01  4.9693870688e-03
2.191093e+03  9.8149356220e-01  -3.2949005946e-03  9.8148712903e-01  3.3011534144e-03
2.211764e+03  9.8167986667e-01  -1.6129194273e-03  9.8167474405e-01  1.6192672506e-03
2.232434e+03  9.8174160943e-01  7.6527518191e-05  9.8173781726e-01  -7.0102227994e-05
2.253105e+03  9.8167831704e-01  1.7672065055e-03  9.8167586888e-01  -1.7607221936e-03
2.273776e+03  9.8148998715e-01  3.4528449419e-03  9.8148889006e-01  -3.4463208034e-03
2.294446e+03  9.8117709268e-01  5.1271566455e-03  9.8117734713e-01  -5.1206124658e-03
2.315117e+03  9.8074058396e-01  6.7838676354e-03  9.8074218381e-01  -6.7773236323e-03
2.335788e+03  9.8018188877e-01  8.4167423121e-03  9.8018482127e-01  -8.4102189799e-03
2.356458e+03  9.7950291026e-01  1.0019609888e-02  9.7950715608e-01  -1.0013127847e-02
2.377129e+03  9.7870602257e-01  1.1586390928e-02  9.7871155589e-01  -1.1579970778e-02
2.397800e+03  9.7779406439e-01  1.3111123840e-02  9.7780085296e-01  -1.3104786019e-02
2.418470e+03  9.7677033015e-01  1.4587991177e-02  9.7677833544e-01  -1.4581755828e-02
2.439141e+03  9.7563855907e-01  1.6011345580e-02  9.7564773644e-01  -1.6005232419e-02
2.459812e+03  9.7440292204e-01  1.7375735215e-02  9.7441322087e-01  -1.7369763408e-02
2.480482e+03  9.7306800629e-01  1.8675928543e-02  9.7307937018e-01  -1.8670116582e-02
2.501153e+03  9.7163879796e-01  1.9906938263e-02  9.7165116497e-01  -1.9901303850e-02
2.521824e+03  9.7012066269e-01  2.1064044282e-02  9.7013396555e-01  -2.1058604218e-02
2.542495e+03  9.6851932414e-01  2.2142815565e-02  9.6853349058e-01  -2.2137585634e-02
2.563165e+03  9.6684084082e-01  2.3139130711e-02  9.6685579382e-01  -2.3134125576e-02
2.583836e+03  9.6509158102e-01  2.4049197129e-02  9.6510723919e-01  -2.4044430228e-02
2.604507e+03  9.6327819620e-01  2.4869568682e-02  9.6329447415e-01  -2.4865052127e-02
2.625177e+03  9.6140759293e-01  2.5597161688e-02  9.6142440167e-01  -2.5592906170e-02
2.645848e+03  9.5948690341e-01  2.6229269156e-02  9.5950415083e-01  -2.6225283857e-02
2.666519e+03  9.5752345493e-01  2.6763573180e-02  9.5754104623e-01  -2.6759865688e-02
2.687189e+03  9.5552473824e-01  2.7198155394e-02  9.5554257646e-01  -2.7194731626e-02
2.707860e+03  9.5349837510e-01  2.7531505425e-02  9.5351636169e-01  -2.7528369564e-02
2.728531e+03  9.5145208527e-01  2.7762527290e-02  9.5147012067e-01  -2.7759681721e-02
2.749201e+03  9.4939365296e-01  2.7890543693e-02  9.4941163719e-01  -2.7887988963e-02
2.769872e+03  9.4733089303e-01  2.7915298201e-02  9.4734872638e-01  -2.7913032979e-02
2.790543e+03  9.4527161718e-01  2.7836955286e-02  9.4528920086e-01  -2.7834976345e-02
2.811213e+03  9.4322360023e-01  2.7656098238e-02  9.4324083702e-01  -2.7654400448e-02
2.831884e+03  9.4119454670e-01  2.7373724981e-02  9.4121134164e-01  -2.7372301317e-02
2.852555e+03  9.3919205794e-01  2.6991241803e-02  9.3920831898e-01  -2.6990083370e-02
2.873226e+03  9.3722359992e-01  2.6510455082e-02  9.3723923855e-01  -2.6509551158e-02
2.893896e+03  9.3529647191e-01  2.5933561050e-02  9.3531140374e-01  -2.5932899142e-02
2.914567e+03  9.3341777615e-01  2.5263133677e-02  9.3343192147e-01  -2.5262699595e-02
2.935238e+03  9.3159438875e-01  2.4502110773e-02  9.3160767300e-01  -2.4501888715e-02
2.955908e+03  9.2983293191e-01  2.3653778395e-02  9.2984528615e-01  -2.3653751057e-02
2.976579e+03  9.2813974759e-01  2.2721753691e-02  9.2815110888e-01  -2.2721902374e-02
2.997250e+03  9.2652087287e-01  2.1709966277e-02  9.2653118456e-01  -2.1710271018e-02
3.017920e+03  9.2498201688e-01  2.0622638295e-02  9.2499122890e-01  -2.0623078002e-02
3.038591e+03  9.2352853970e-01  1.9464263275e-02  9.2353660874e-01  -1.9464815871e-02
3.059262e+03  9.2216543304e-01  1.8239583957e-02  9.2217232273e-01  -1.8240226530e-02
3.079932e+03  9.2089730299e-01  1.6953569195e-02  9.2090298394e-01  -1.6954278152e-02
3.100603e+03  9.1972835475e-01  1.5611390113e-02  9.1973280460e-01  -1.5612141340e-02
3.121274e+03  9.1866237948e-01  1.4218395653e-02  9.1866558284e-01  -1.4219164672e-02
3.141944e+03  9.1770274323e-01  1.2780087664e-02  9.1770469162e-01  -1.2780849793e-02
3.162615e+03  9.1685237801e-01  1.1302095685e-02  9.1685306973e-01  -1.1302826196e-02
3.183286e+03  9.1611377507e-01  9.7901515733e-03  9.1611321499e-01  -9.7908258506e-03
3.203957e+03  9.1548898018e-01  8.2500641179e-03  9.1548717954e-01  -8.2506578084e-03
3.224627e+03  9.1497959113e-01  6.6876937865e-03  9.1497656726e-01  -6.6881829501e-03
3.245298e+03  9.1458675727e-01  5.1089277414e-03  9.1458253330e-01  -5.1092889958e-03
3.265969e+03  9.1431118109e-01  3.5196552619e-03  9.1430578557e-01  -3.5198659208e-03
3.286639e+03  9.1415312173e-01  1.9257436992e-03  9.1414658829e-01  -1.9257819053e-03
3.307310e+03  9.1411240051e-01  3.3301508981e-04  9.1410476745e-01  -3.3285994007e-04
3.327981e+03  9.1418840816e-01  -1.2527764568e-03  9.1417971803e-01  1.2531447933e-03
3.348651e+03  9.1438011398e-01  -2.8259664850e-03  9.1437041308e-01  2.8265666571e-03
3.369322e+03  9.1468607643e-01  -4.3810009307e-03  9.1467541440e-01  4.3818503043e-03
3.389993e+03  9.1510445553e-01  -5.9124557741e-03  9.1509288481e-01  5.9135703400e-03
3.410663e+03  9.1563302649e-01  -7.4150555191e-03  9.1562060184e-01  7.4164498105e-03
3.431334e+03  9.1626919480e-01  -8.8836904208e-03  9.1625597278e-01  8.8853774409e-03
3.452005e+03  9.1701001245e-01  -1.0313432391e-02  9.1699605092e-01  1.0315423551e-02
3.472675e+03  9.1785219522e-01  -1.1699549524e-02  9.1783755284e-01  1.1701854592e-02
3.493346e+03  9.1879214096e-01  -1.3037519192e-02  9.1877687663e-01  1.3040146254e-02
3.514017e+03  9.1982594850e-01  -1.4323039679e-02  9.1981012095e-01  1.4325995112e-02
3.534688e+03  9.2094943732e-01  -1.5552040329e-02  9.2093310460e-01  1.5555328789e-02
3.555358e+03  9.2215816759e-01  -1.6720690209e-02  9.2214138666e-01  1.6724314628e-02
3.576029e+03  9.2344746057e-01  -1.7825405276e-02  9.2343028691e-01  1.7829366881e-02
3.596700e+03  9.2481241913e-01  -1.8862854107e-02  9.2479490641e-01  1.8867152448e-02
3.617370e+03  9.2624794830e-01  -1.9829962199e-02  9.2623014804e-01  1.9834595201e-02
3.638041e+03  9.2774877557e-01  -2.0723914928e-02  9.2773073698e-01  2.0728878952e-02
3.658712e+03  9.2930947105e-01  -2.1542159228e-02  9.2929124081e-01  2.1547449154e-02
3.679382e+03  9.3092446708e-01  -2.2282404090e-02  9.3090608926e-01  2.2288013412e-02
3.700053e+03  9.3258807731e-01  -2.2942619998e-02  9.3256959335e-01  2.2948540938e-02
3.720724e+03  9.3429451518e-01  -2.3521037408e-02  9.3427596393e-01  2.3527261043e-02
3.741394e+03  9.3603791167e-01  -2.4016144433e-02  9.3601932946e-01  2.4022660828e-02
3.762065e+03  9.3781233219e-01  -2.4426683855e-02  9.3779375300e-01  2.4433482213e-02
3.782736e+03  9.3961179269e-01  -2.4751649635e-02  9.3959324835e-01  2.4758718450e-02
3.803406e+03  9.4143027487e-01  -2.4990283062e-02  9.4141179531e-01  2.4997610280e-02
3.824077e+03  9.4326174058e-01  -2.5142068717e-02  9.4324335414e-01  2.5149641889e-02
3.844748e+03  9.4510014533e-01  -2.5206730376e-02  9.4508187907e-01  2.5214536824e-02
3.865419e+03  9.4693945108e-01  -2.5184227020e-02  9.4692133113e-01  2.5192253986e-02
3.886089e+03  9.4877363828e-01  -2.5074749067e-02  9.4875569025e-01  2.5082983862e-02
3.906760e+03  9.5059671737e-01  -2.4878714945e-02  9.5057896669e-01  2.4887145081e-02
3.927431e+03  9.5240273972e-01  -2.4596768101e-02  9.5238521206e-01  2.4605381415e-02
3.948101e+03  9.5418580828e-01  -2.4229774514e-02  9.5416852992e-01  2.4238559268e-02
3.968772e+03  9.5594008797e-01  -2.3778820757e-02  9.5592308614e-01  2.3787765730e-02
3.989443e+03  9.5765981603e-01  -2.3245212635e-02  9.5764311926e-01  2.3254307179e-02
4.010113e+03  9.5933931244e-01  -2.2630474370e-02  9.5932295082e-01  2.2639708464e-02
4.030784e+03  9.6097299056e-01  -2.1936348314e-02  9.6095699600e-01  2.1945712579e-02
4.051455e+03  9.6255536816e-01  -2.1164795106e-02  9.6253977461e-01  2.1174280813e-02
4.072125e+03  9.6408107894e-01  -2.0317994182e-02  9.6406592250e-01  2.0327593230e-02
4.092796e+03  9.6554488469e-01  -1.9398344521e-02  9.6553020373e-01  1.9408049400e-02
4.113467e+03  9.6694168809e-01  -1.8408465470e-02  9.6692752332e-01  1.8418269205e-02
4.134137e+03  9.6826654643e-01  -1.7351197497e-02  9.6825294084e-01  1.7361093575e-02
4.154808e+03  9.6951468598e-01  -1.6229602680e-02  9.6950168480e-01  1.6239584964e-02
4.175479e+03  9.7068151736e-01  -1.5046964751e-02  9.7066916791e-01  1.5057027384e-02
4.196150e+03  9.7176265162e-01  -1.3806788490e-02  9.7175100312e-01  1.3816925782e-02
4.216820e+03  9.7275391718e-01  -1.2512798270e-02  9.7274302047e-01  1.2523004587e-02
4.237491e+03  9.7365137735e-01  -1.1168935562e-02  9.7364128459e-01  1.1179205204e-02
4.258162e+03  9.7445134851e-01  -9.7793552181e-03  9.7444211281e-01  9.7896822995e-03
4.278832e+03  9.7515041871e-01  -8.3484203414e-03  9.7514209367e-01  8.3587986693e-03
4.299503e+03  9.7574546648e-01  -6.8806956158e-03  9.7573810577e-01  6.8911185739e-03
4.320174e+03  9.7623367974e-01  -5.3809389441e-03  9.7622733655e-01  5.3913993809e-03
4.340844e+03  9.7661257452e-01  -3.8540913004e-03  9.7660730107e-01  3.8645814256e-03
4.361515e+03  9.7688001337e-01  -2.3052647190e-03  9.7687586033e-01  2.3157760094e-03
4.382186e+03  9.7703422306e-01  -7.3972837661e-04  9.7703123898e-01  7.5025149270e-04
4.402856e+03  9.7707381140e-01  8.3710724195e-04  9.7707204213e-01  -8.2658252589e-04
4.423527e+03  9.7699778302e-01  2.4197080695e-03  9.7699727112e-01  -2.4091929222e-03
4.444198e+03  9.7680555365e-01  4.0024360169e-03  9.7680633783e-01  -3.9919425914e-03
4.464868e+03  9.7649696288e-01  5.5795702747e-03  9.7649907737e-01  -5.5691117338e-03
4.485539e+03  9.7607228495e-01  7.1453302334e-03  9.7607575900e-01  -7.1349207581e-03
4.506210e+03  9.7553223760e-01  8.6938998674e-03  9.7553709490e-01  -8.6835546484e-03
4.526881e+03  9.7487798856e-01  1.0219453402e-02  9.7488424676e-01  -1.0209188613e-02
4.547551e+03  9.7411115968e-01  1.1716182059e-02  9.7411882989e-01  -1.1706014812e-02
4.568222e+03  9.7323382845e-01  1.3178321653e-02  9.7324291488e-01  -1.3168269937e-02
4.588893e+03  9.7224852691e-01  1.4600180800e-02  9.7225902644e-01  -1.4590263398e-02
4.609563e+03  9.7115823774e-01  1.5976169478e-02  9.7117013965e-01  -1.5966405872e-02
4.630234e+03  9.6996638764e-01  1.7300827687e-02  9.6997967339e-01  -1.7291237946e-02
4.650905e+03  9.6867683786e-01  1.8568853929e-02  9.6869148092e-01  -1.8559458579e-02
4.671575e+03  9.6729387195e-01  1.9775133261e-02  9.6730983776e-01  -1.9765953144e-02
4.692246e+03  9.6582218087e-01  2.0914764635e-02  9.6583942685e-01  -2.0905820760e-02
4.712917e+03  9.6426684540e-01  2.1983087309e-02  9.6428532107e-01  -2.1974400691e-02
4.733587e+03  9.6263331609e-01  2.2975706056e-02  9.6265296326e-01  -2.2967297551e-02
4.754258e+03  9.6092739085e-01  2.3888514973e-02  9.6094814390e-01  -2.3880405109e-02
4.774929e+03  9.5915519029e-01  2.4717719674e-02  9.5917697657e-01  -2.4709928481e-02
4.795599e+03  9.5732313118e-01  2.5459857688e-02  9.5734587142e-01  -2.5452404531e-02
4.816270e+03  9.5543789801e-01  2.6111816908e-02  9.5546150683e-01  -2.6104720319e-02
4.836941e+03  9.5350641304e-01  2.6670851947e-02  9.5353079954e-01  -2.6664129468e-02
4.857612e+03  9.5153580501e-01  2.7134598297e-02  9.5156087335e-01  -2.7128266323e-02
4.878282e+03  9.4953337675e-01  2.7501084210e-02  9.4955902681e-01  -2.7495157846e-02
4.898953e+03  9.4750657195e-01  2.7768740245e-02  9.4753270001e-01  -2.7763233166e-02
4.919624e+03  9.4546294135e-01  2.7936406438e-02  9.4548944077e-01  -2.7931330761e-02
4.940294e+03  9.4341010851e-01  2.8003337109e-02  9.4343687043e-01  -2.7998703271e-02
4.960965e+03  9.4135573556e-01  2.7969203305e-02  9.4138264959e-01  -2.7965019949e-02
4.981636e+03  9.3930748897e-01  2.7834092928e-02  9.3933444384e-01  -2.7830366800e-02
5.002306e+03  9.3727300566e-01  2.7598508601e-02  9.3729988995e-01  -2.7595244457e-02
5.022977e+03  9.3525985971e-01  2.7263363366e-02  9.3528656246e-01  -2.7260563884e-02
5.043648e+03  9.3327552976e-01  2.6829974282e-02  9.3330194107e-01  -2.6827639988e-02
5.064318e+03  9.3132736726e-01  2.6300054063e-02  9.3135337893e-01  -2.6298183266e-02
5.084989e+03  9.2942256594e-01  2.5675700845e-02  9.2944807194e-01  -2.5674289583e-02
5.105660e+03  9.2756813228e-01  2.4959386243e-02  9.2759302932e-01  -2.4958428240e-02
5.126330e+03  9.2577085752e-01  2.4153941807e-02  9.2579504549e-01  -2.4153428444e-02
5.147001e+03  9.2403729097e-01  2.3262544039e-02  9.2406067337e-01  -2.3262464335e-02
5.167672e+03  9.2237371492e-01  2.2288698099e-02  9.2239619922e-01  -2.2289038706e-02
5.188343e+03  9.2078612107e-01  2.1236220363e-02  9.2080761914e-01  -2.1236965572e-02
5.209013e+03  9.1928018876e-01  2.0109219949e-02  9.1930061712e-01  -2.0110351711e-02
5.229684e+03  9.1786126473e-01  1.8912079379e-02  9.1788054494e-01  -1.8913577334e-02
5.250355e+03  9.1653434475e-01  1.7649434488e-02  9.1655240365e-01  -1.7651276009e-02
5.271025e+03  9.1530405692e-01  1.6326153723e-02  9.1532082688e-01  -1.6328313967e-02
5.291696e+03  9.1417464672e-01  1.4947316944e-02  9.1419006593e-01  -1.4949768920e-02
5.312367e+03  9.1314996385e-01  1.3518193847e-02  9.1316397647e-01  -1.3520908486e-02
5.333037e+03  9.1223345070e-01  1.2044222105e-02  9.1224600713e-01  -1.2047168348e-02
5.353708e+03  9.1142813262e-01  1.0530985336e-02  9.1143918964e-01  -1.0534130223e-02
5.374379e+03  9.1073660977e-01  8.9841909676e-03  9.1074613075e-01  -8.9874997431e-03
5.395049e+03  9.1016105066e-01  7.4096480911e-03  9.1016900569e-01  -7.4130843187e-03
5.415720e+03  9.0970318729e-01  5.8132453704e-03  9.0970955333e-01  -5.8167710559e-03
5.436391e+03  9.0936431178e-01  4.2009290642e-03  9.0936907286e-01  -4.2045047918e-03
5.457061e+03  9.0914527463e-01  2.5786812201e-03  9.0914842193e-01  -2.5822663026e-03
5.477732e+03  9.0904648440e-01  9.5249809033e-04  9.0904801638e-01  -9.5605073219e-04
5.498403e+03  9.0906790884e-01  -6.7163119023e-04  9.0906783135e-01  6.6815371398e-04
5.519074e+03  9.0920907744e-01  -2.2877456231e-03  9.0920740382e-01  2.2843867725e-03
5.539744e+03  9.0946908541e-01  -3.8899330270e-03  9.0946583651e-01  3.8867367871e-03
5.560415e+03  9.0984659890e-01  -5.4723503482e-03  9.0984180310e-01  5.4693610027e-03
5.581086e+03  9.1033986164e-01  -7.0292435690e-03  9.1033355484e-01  7.0265054598e-03
5.601756e+03  9.1094670281e-01  -8.5549671845e-03  9.1093892835e-01  8.5525244570e-03
5.622427e+03  9.1166454612e-01  -1.0044003217e-02  9.1165535468e-01  1.0041899554e-02
5.643098e+03  9.1249042023e-01  -1.1490979738e-02  9.1247986966e-01  1.1489258085e-02
5.663768e+03  9.1342097026e-01  -1.2890688865e-02  9.1340912538e-01  1.2889391149e-02
5.684439e+03  9.1445247054e-01  -1.4238104200e-02  9.1443940289e-01  1.4237271044e-02
5.705110e+03  9.1558083849e-01  -1.5528397678e-02  9.1556662600e-01  1.5528068118e-02
5.725780e+03  9.1680164959e-01  -1.6756955769e-02  9.1678637624e-01  1.6757166976e-02
5.746451e+03  9.1811015352e-01  -1.7919395025e-02  9.1809390890e-01  1.7920182040e-02
5.767122e+03  9.1950129129e-01  -1.9011576899e-02  9.1948417012e-01  1.9012972371e-02
5.787792e+03  9.2096971336e-01  -2.0029621802e-02  9.2095181501e-01  2.0031655759e-02
5.808463e+03  9.2250979887e-01  -2.0969922354e-02  9.2249122678e-01  2.0972621986e-02
5.829134e+03  9.2411567568e-01  -2.1829155776e-02  9.2409653675e-01  2.1832545248e-02
5.849805e+03  9.2578124136e-01  -2.2604295373e-02  9.2576164536e-01  2.2608395666e-02
5.870475e+03  9.2750018498e-01  -2.3292621055e-02  9.2748024389e-01  2.3297449841e-02
5.891146e+03  9.2926600975e-01  -2.3891728853e-02  9.2924583708e-01  2.3897300399e-02
5.911817e+03  9.3107205622e-01  -2.4399539371e-02  9.3105176639e-01  2.4405864481e-02
5.932487e+03  9.3291152628e-01  -2.4814305132e-02  9.3289123397e-01  2.4821391126e-02
5.953158e+03  9.3477750759e-01  -2.5134616773e-02  9.3475732711e-01  2.5142467495e-02
5.973829e+03  9.3666299857e-01  -2.5359408045e-02  9.3664304327e-01  2.5368023905e-02
5.994499e+03  9.3856093370e-01  -2.5487959579e-02  9.3854131539e-01  2.5497337626e-02
6.015170e+03  9.4046420917e-01  -2.5519901392e-02  9.4044503765e-01  2.5530035414e-02
6.035841e+03  9.4236570869e-01  -2.5455214100e-02  9.4234709124e-01  2.5466094742e-02
6.056511e+03  9.4425832942e-01  -2.5294228818e-02  9.4424037038e-01  2.5305843730e-02
6.077182e+03  9.4613500787e-01  -2.5037625749e-02  9.4611780827e-01  2.5049959734e-02
6.097853e+03  9.4798874563e-01  -2.4686431433e-02  9.4797240285e-01  2.4699466617e-02
6.118523e+03  9.4981263498e-01  -2.4242014680e-02  9.4979724243e-01  2.4255730686e-02
6.139194e+03  9.5159988404e-01  -2.3706081193e-02  9.5158553095e-01  2.3720455312e-02
6.159865e+03  9.5334384156e-01  -2.3080666898e-02  9.5333061270e-01  2.3095674264e-02
6.180535e+03  9.5503802110e-01  -2.2368130010e-02  9.5502599660e-01  2.2383743770e-02
6.201206e+03  9.5667612455e-01  -2.1571141877e-02  9.5666537978e-01  2.1587333353e-02
6.221877e+03  9.5825206499e-01  -2.0692676639e-02  9.5824267031e-01  2.0709415479e-02
6.242548e+03  9.5975998854e-01  -1.9735999750e-02  9.5975200925e-01  1.9753254078e-02
6.263218e+03  9.6119429540e-01  -1.8704655423e-02  9.6118779158e-01  1.8722391972e-02
6.283889e+03  9.6254965983e-01  -1.7602453061e-02  9.6254468623e-01  1.7620637304e-02
6.304560e+03  9.6382104899e-01  -1.6433452730e-02  9.6381765497e-01  1.6452048998e-02
6.325230e+03  9.6500374069e-01  -1.5201949747e-02  9.6500197012e-01  1.5220921341e-02
6.345901e+03  9.6609333983e-01  -1.3912458452e-02  9.6609323108e-01  1.3931767756e-02
6.366572e+03  9.6708579365e-01  -1.2569695241e-02  9.6708737954e-01  1.2589303823e-02
6.387242e+03  9.6797740557e-01  -1.1178560925e-02  9.6798071338e-01  1.1198429640e-02
6.407913e+03  9.6876484774e-01  -9.7441224973e-03  9.6876989922e-01  9.7642115873e-03
6.428584e+03  9.6944517213e-01  -8.2715943785e-03  9.6945198351e-01  8.2918635773e-03
6.449254e+03  9.7001582017e-01  -6.7663192228e-03  9.7002440226e-01  6.7867278566e-03
6.469925e+03  9.7047463101e-01  -5.2337483519e-03  9.7048498924e-01  5.2542554466e-03
6.490596e+03  9.7081984819e-01  -3.6794219010e-03  9.7083198274e-01  3.6999862923e-03
6.511266e+03  9.7105012492e-01  -2.1089487501e-03  9.7106403085e-01  2.1295291988e-03
6.531937e+03  9.7116452778e-01  -5.2798632125e-04  9.7118019516e-01  5.4854163245e-04
6.552608e+03  9.7116253891e-01  1.0577796840e-03  9.7117995307e-01  -1.0372905360e-03
6.573279e+03  9.7104405678e-01  2.6426555251e-03  9.7106319846e-01  -2.6222732688e-03
6.593949e+03  9.7080939541e-01  4.2209595655e-03  9.7083024101e-01  -4.2007245006e-03
6.614620e+03  9.7045928207e-01  5.7870422409e-03  9.7048180390e-01  -5.7669941055e-03
6.635291e+03  9.6999485366e-01  7.3353057759e-03  9.7001902016e-01  -7.3154836139e-03
6.655961e+03  9.6941765156e-01  8.8602235776e-03  9.6944342755e-01  -8.8406656069e-03
6.676632e+03  9.6872961510e-01  1.0356359233e-02  9.6875696200e-01  -1.0337102718e-02
6.697303e+03  9.6793307376e-01  1.1818385046e-02  9.6796194984e-01  -1.1799466176e-02
6.717973e+03  9.6703073802e-01  1.3241100050e-02  9.6706109853e-01  -1.3222553822e-02
6.738644e+03  9.6602568890e-01  1.4619447438e-02  9.6605748631e-01  -1.4601307550e-02
6.759315e+03  9.6492136648e-01  1.5948531365e-02  9.6495455062e-01  -1.5930830117e-02
6.779985e+03  9.6372155711e-01  1.7223633067e-02  9.6375607529e-01  -1.7206401272e-02
6.800656e+03  9.6243037972e-01  1.8440226269e-02  9.6246617680e-01  -1.8423493177e-02
6.821327e+03  9.6105227096e-01  1.9593991845e-02  9.6108928951e-01  -1.9577785078e-02
6.841997e+03  9.5959196959e-01  2.0680831707e-02  9.5963014987e-01  -2.0665177201e-02
6.862668e+03  9.5805449984e-01  2.1696881903e-02  9.5809377985e-01  -2.1681803865e-02
6.883339e+03  9.5644515407e-01  2.2638524904e-02  9.5648546955e-01  -2.2624045782e-02
6.904010e+03  9.5476947460e-01  2.3502401082e-02  9.5481075903e-01  -2.3488541536e-02
6.924680e+03  9.5303323489e-01  2.4285419359e-02  9.5307541945e-01  -2.4272198247e-02
6.945351e+03  9.5124242003e-01  2.4984767027e-02  9.5128543359e-01  -2.4972201392e-02
6.966022e+03  9.4940320666e-01  2.5597918726e-02  9.4944697576e-01  -2.5586023793e-02
6.986692e+03  9.4752194230e-01  2.6122644584e-02  9.4756639112e-01  -2.6111433755e-02
7.007363e+03  9.4560512419e-01  2.6557017491e-02  9.4565017460e-01  -2.6546502350e-02
7.028034e+03  9.4365937763e-01  2.6899419517e-02  9.4370494918e-01  -2.6889609825e-02
7.048704e+03  9.4169143390e-01  2.7148547431e-02  9.4173744392e-01  -2.7139451133e-02
7.069375e+03  9.3970810776e-01  2.7303417323e-02  9.3975447142e-01  -2.7295040539e-02
7.090046e+03  9.3771627463e-01  2.7363368282e-02  9.3776290510e-01  -2.7355715310e-02
7.110716e+03  9.3572284745e-01  2.7328065116e-02  9.3576965604e-01  -2.7321138423e-02
7.131387e+03  9.3373475325e-01  2.7197500075e-02  9.3378164962e-01  -2.7191300293e-02
7.152058e+03  9.3175890964e-01  2.6971993541e-02  9.3180580201e-01  -2.6966519452e-02
7.172728e+03  9.2980220100e-01  2.6652193649e-02  9.2984899641e-01  -2.6647442175e-02
7.193399e+03  9.2787145476e-01  2.6239074808e-02  9.2791805936e-01  -2.6235040995e-02
7.214070e+03  9.2597341764e-01  2.5733935082e-02  9.2601973695e-01  -2.5730612090e-02
7.234741e+03  9.2411473199e-01  2.5138392414e-02  9.2416067123e-01  -2.5135771496e-02
7.255411e+03  9.2230191231e-01  2.4454379659e-02  9.2234737679e-01  -2.4452450151e-02
7.276082e+03  9.2054132218e-01  2.3684138418e-02  9.2058621759e-01  -2.3682887722e-02
7.296753e+03  9.1883915145e-01  2.2830211662e-02  9.1888338424e-01  -2.2829625236e-02
7.317423e+03  9.1720139403e-01  2.1895435158e-02  9.1724487183e-01  -2.1895496511e-02
7.338094e+03  9.1563382634e-01  2.0882927703e-02  9.1567645829e-01  -2.0883618385e-02
7.358765e+03  9.1414198637e-01  1.9796080196e-02  9.1418368356e-01  -1.9797379801e-02
7.379435e+03  9.1273115375e-01  1.8638543583e-02  9.1277182959e-01  -1.8640429755e-02
7.400106e+03  9.1140633059e-01  1.7414215733e-02  9.1144590123e-01  -1.7416664170e-02
7.420777e+03  9.1017222354e-01  1.6127227283e-02  9.1021060825e-01  -1.6130211757e-02
