0.000000e+00  1.0000000000e+00  0.0000000000e+00  1.0000000000e+00  0.0000000000e+00
2.067069e+01  9.9993017661e-01  2.1033815533e-03  9.9993164195e-01  -2.1032587800e-03
4.134137e+01  9.9972395593e-01  4.1983870092e-03  9.9972686893e-01  -4.1981423327e-03
6.201206e+01  9.9938224731e-01  6.2766848539e-03  9.9938658232e-01  -6.2763199449e-03
8.268275e+01  9.9890655397e-01  8.3300322761e-03  9.9891227771e-01  -8.3295495151e-03
1.033534e+02  9.9829896299e-01  1.0350318444e-02  9.9830603487e-01  -1.0349720826e-02
1.240241e+02  9.9756213137e-01  1.2329606559e-02  9.9757050397e-01  -1.2328897597e-02
1.446948e+02  9.9669926857e-01  1.4260174313e-02  9.9670888806e-01  -1.4259357941e-02
1.653655e+02  9.9571411552e-01  1.6134552407e-02  9.9572492223e-01  -1.6133632885e-02
1.860362e+02  9.9461092056e-01  1.7945560805e-02  9.9462284949e-01  -1.7944542637e-02
2.067069e+02  9.9339441238e-01  1.9686342470e-02  9.9340739382e-01  -1.9685230314e-02
2.273776e+02  9.9206977056e-01  2.1350394317e-02  9.9208373066e-01  -2.1349192922e-02
2.480482e+02  9.9064259369e-01  2.2931595219e-02  9.9065745507e-01  -2.2930309355e-02
2.687189e+02  9.8911886575e-01  2.4424230899e-02  9.8913454809e-01  -2.4422865306e-02
2.893896e+02  9.8750492086e-01  2.5823015605e-02  9.8752134155e-01  -2.5821574951e-02
3.100603e+02  9.8580740690e-01  2.7123110524e-02  9.8582448162e-01  -2.7121599365e-02
3.307310e+02  9.8403324832e-01  2.8320138895e-02  9.8405089164e-01  -2.8318561656e-02
3.514017e+02  9.8218960840e-01  2.9410197865e-02  9.8220773439e-01  -2.9408558816e-02
3.720724e+02  9.8028385146e-01  3.0389867130e-02  9.8030237421e-01  -3.0388170380e-02
3.927431e+02  9.7832350511e-01  3.1256214471e-02  9.7834233932e-01  -3.1254463956e-02
4.134137e+02  9.7631622303e-01  3.2006798288e-02  9.7633528450e-01  -3.2004997777e-02
4.340844e+02  9.7426974845e-01  3.2639667304e-02  9.7428895451e-01  -3.2637820397e-02
4.547551e+02  9.7219187844e-01  3.3153357589e-02  9.7221114847e-01  -3.3151467725e-02
4.754258e+02  9.7009042955e-01  3.3546887099e-02  9.7010968528e-01  -3.3544957566e-02
4.960965e+02  9.6797320457e-01  3.3819747930e-02  9.6799237047e-01  -3.3817781869e-02
5.167672e+02  9.6584796087e-01  3.3971896489e-02  9.6586696444e-01  -3.3969896911e-02
5.374379e+02  9.6372238031e-01  3.4003741799e-02  9.6374115227e-01  -3.4001711590e-02
5.581086e+02  9.6160404074e-01  3.3916132146e-02  9.6162251528e-01  -3.3914074083e-02
5.787792e+02  9.5950038940e-01  3.3710340283e-02  9.5951850425e-01  -3.3708257041e-02
5.994499e+02  9.5741871795e-01  3.3388047396e-02  9.5743641448e-01  -3.3385941561e-02
6.201206e+02  9.5536613937e-01  3.2951326029e-02  9.5538336263e-01  -3.2949200104e-02
6.407913e+02  9.5334956670e-01  3.2402622151e-02  9.5336626535e-01  -3.2400478565e-02
6.614620e+02  9.5137569346e-01  3.1744736563e-02  9.5139181976e-01  -3.1742577675e-02
6.821327e+02  9.4945097593e-01  3.0980805781e-02  9.4946648561e-01  -3.0978633884e-02
7.028034e+02  9.4758161707e-01  3.0114282572e-02  9.4759646922e-01  -3.0112099894e-02
7.234741e+02  9.4577355208e-01  2.9148916272e-02  9.4578770898e-01  -2.9146724974e-02
7.441447e+02  9.4403243558e-01  2.8088733007e-02  9.4404586254e-01  -2.8086535180e-02
7.648154e+02  9.4236363025e-01  2.6938015933e-02  9.4237629544e-01  -2.6935813591e-02
7.854861e+02  9.4077219695e-01  2.5701285586e-02  9.4078407120e-01  -2.5699080660e-02
8.061568e+02  9.3926288610e-01  2.4383280431e-02  9.3927394274e-01  -2.4381074759e-02
8.268275e+02  9.3784013041e-01  2.2988937670e-02  9.3785034509e-01  -2.2986732986e-02
8.474982e+02  9.3650803871e-01  2.1523374378e-02  9.3651738924e-01  -2.1521172299e-02
8.681689e+02  9.3527039095e-01  1.9991868995e-02  9.3527885716e-01  -1.9989671015e-02
8.888396e+02  9.3413063413e-01  1.8399843227e-02  9.3413819775e-01  -1.8397650700e-02
9.095102e+02  9.3309187922e-01  1.6752844368e-02  9.3309852376e-01  -1.6750658500e-02
9.301809e+02  9.3215689889e-01  1.5056528056e-02  9.3216260960e-01  -1.5054349896e-02
9.508516e+02  9.3132812609e-01  1.3316641479e-02  9.3133288989e-01  -1.3314471914e-02
9.715223e+02  9.3060765328e-01  1.1539007026e-02  9.3061145873e-01  -1.1536846777e-02
9.921930e+02  9.2999723238e-01  9.7295063731e-03  9.3000006970e-01  -9.7273559934e-03
1.012864e+03  9.2949827528e-01  7.8940649931e-03  9.2950013636e-01  -7.8919248731e-03
1.033534e+03  9.2911185498e-01  6.0386370764e-03  9.2911273338e-01  -6.0365074520e-03
1.054205e+03  9.2883870713e-01  4.1691908374e-03  9.2883859818e-01  -4.1670718017e-03
1.074876e+03  9.2867923216e-01  2.2916941840e-03  9.2867813297e-01  -2.2895857038e-03
1.095546e+03  9.2863349780e-01  4.1210072561e-04  9.2863140733e-01  -4.1000266164e-04
1.116217e+03  9.2870124203e-01  -1.4636639079e-03  9.2869816113e-01  1.4657517791e-03
1.136888e+03  9.2888187643e-01  -3.3297154652e-03  9.2887780786e-01  3.3317934271e-03
1.157558e+03  9.2917448989e-01  -5.1802242167e-03  9.2916943839e-01  5.1822925891e-03
1.178229e+03  9.2957785273e-01  -7.0094278714e-03  9.2957182502e-01  7.0114869883e-03
1.198900e+03  9.3009042117e-01  -8.8116442919e-03  9.3008342596e-01  8.8136944825e-03
1.219571e+03  9.3071034214e-01  -1.0581284035e-02  9.3070239012e-01  1.0583325609e-02
1.240241e+03  9.3143545849e-01  -1.2312862737e-02  9.3142656236e-01  1.2314895977e-02
1.260912e+03  9.3226331461e-01  -1.4001013371e-02  9.3225348903e-01  1.4003038530e-02
1.281583e+03  9.3319116236e-01  -1.5640498384e-02  9.3318042395e-01  1.5642515693e-02
1.302253e+03  9.3421596750e-01  -1.7226221734e-02  9.3420433478e-01  1.7228231419e-02
1.322924e+03  9.3533441647e-01  -1.8753240835e-02  9.3532190986e-01  1.8755243142e-02
1.343595e+03  9.3654292371e-01  -2.0216778423e-02  9.3652956546e-01  2.0218773655e-02
1.364265e+03  9.3783763937e-01  -2.1612234328e-02  9.3782345353e-01  2.1614222893e-02
1.384936e+03  9.3921445750e-01  -2.2935197170e-02  9.3919946994e-01  2.2937179634e-02
1.405607e+03  9.4066902489e-01  -2.4181455960e-02  9.4065326325e-01  2.4183433112e-02
1.426277e+03  9.4219675031e-01  -2.5347011592e-02  9.4218024403e-01  2.5348984515e-02
1.446948e+03  9.4379281443e-01  -2.6428088218e-02  9.4377559479e-01  2.6430058365e-02
1.467619e+03  9.4545218029e-01  -2.7421144479e-02  9.4543428049e-01  2.7423113747e-02
1.488289e+03  9.4716960447e-01  -2.8322884561e-02  9.4715105968e-01  2.8324855366e-02
1.508960e+03  9.4893964885e-01  -2.9130269049e-02  9.4892049632e-01  2.9132244401e-02
1.529631e+03  9.5075669313e-01  -2.9840525540e-02  9.5073697227e-01  2.9842509103e-02
1.550302e+03  9.5261494799e-01  -3.0451158968e-02  9.5259470049e-01  3.0453155120e-02
1.570972e+03  9.5450846897e-01  -3.0959961600e-02  9.5448773891e-01  3.0961975476e-02
1.591643e+03  9.5643117116e-01  -3.1365022647e-02  9.5641000508e-01  3.1367060174e-02
1.612314e+03  9.5837684452e-01  -3.1664737439e-02  9.5835529154e-01  3.1666805346e-02
1.632984e+03  9.6033917002e-01  -3.1857816093e-02  9.6031728189e-01  3.1859921913e-02
1.653655e+03  9.6231173648e-01  -3.1943291625e-02  9.6228956766e-01  3.1945443676e-02
1.674326e+03  9.6428805815e-01  -3.1920527435e-02  9.6426566582e-01  3.1922734779e-02
1.694996e+03  9.6626159300e-01  -3.1789224090e-02  9.6623903709e-01  3.1791496470e-02
1.715667e+03  9.6822576171e-01  -3.1549425342e-02  9.6820310487e-01  3.1551773100e-02
1.736338e+03  9.7017396731e-01  -3.1201523306e-02  9.7015127488e-01  3.1203957280e-02
1.757008e+03  9.7209961550e-01  -3.0746262725e-02  9.7207695537e-01  3.0748794123e-02
1.777679e+03  9.7399613548e-01  -3.0184744257e-02  9.7397357802e-01  3.0187384508e-02
1.798350e+03  9.7585700138e-01  -2.9518426690e-02  9.7583461922e-01  2.9521187286e-02
1.819020e+03  9.7767575413e-01  -2.8749128047e-02  9.7765362196e-01  2.8752020362e-02
1.839691e+03  9.7944602377e-01  -2.7879025487e-02  9.7942421808e-01  2.7882060580e-02
1.860362e+03  9.8116155207e-01  -2.6910653942e-02  9.8114015083e-01  2.6913842361e-02
1.881033e+03  9.8281621543e-01  -2.5846903442e-02  9.8279529772e-01  2.5850255017e-02
1.901703e+03  9.8440404790e-01  -2.4691015056e-02  9.8438369354e-01  2.4694538691e-02
1.922374e+03  9.8591926435e-01  -2.3446575408e-02  9.8589955343e-01  2.3450278880e-02
1.943045e+03  9.8735628349e-01  -2.2117509720e-02  9.8733729593e-01  2.2121399489e-02
1.963715e+03  9.8870975087e-01  -2.0708073352e-02  9.8869156588e-01  2.0712154380e-02
1.984386e+03  9.8997456150e-01  -1.9222841799e-02  9.8995725709e-01  1.9227117397e-02
2.005057e+03  9.9114588221e-01  -1.7666699143e-02  9.9112953460e-01  1.7671170834e-02
2.025727e+03  9.9221917337e-01  -1.6044824930e-02  9.9220385649e-01  1.6049492347e-02
2.046398e+03  9.9319021011e-01  -1.4362679498e-02  9.9317599502e-01  1.4367540302e-02
2.067069e+03  9.9405510269e-01  -1.2625987745e-02  9.9404205707e-01  1.2631037581e-02
2.087739e+03  9.9481031603e-01  -1.0840721368e-02  9.9479850363e-01  1.0845953850e-02
2.108410e+03  9.9545268817e-01  -9.0130796159e-03  9.9544216831e-01  9.0184863408e-03
2.129081e+03  9.9597944763e-01  -7.1494685877e-03  9.9597027475e-01  7.1550391818e-03
2.149751e+03  9.9638822944e-01  -5.2564791440e-03  9.9638045265e-01  5.2622013320e-03
2.170422e+03  9.9667708979e-01  -3.3408634978e-03  9.9667075246e-01  3.3467231975e-03
2.191093e+03  9.9684451917e-01  -1.4095105659e-03  9.9683965857e-01  1.4154920024e-03
2.211764e+03  9.9688945378e-01  5.3057982437e-04  9.9688610080e-01  -5.2449398819e-04
2.232434e+03  9.9681128531e-01  2.4723237706e-03  9.9680946415e-01  -2.4661522902e-03
2.253105e+03  9.9660986873e-01  4.4085810557e-03  9.9660959670e-01  -4.4023439518e-03
2.273776e+03  9.9628552823e-01  6.3321837083e-03  9.9628681557e-01  -6.3259021078e-03
2.294446e+03  9.9583906108e-01  8.2359652283e-03  9.9584191083e-01  -8.2296612003e-03
2.315117e+03  9.9527173936e-01  1.0112790331e-02  9.9527614728e-01  -1.0106486722e-02
2.335788e+03  9.9458530957e-01  1.1955585057e-02  9.9459126409e-01  -1.1949305325e-02
2.356458e+03  9.9378198998e-01  1.3757367092e-02  9.9378947222e-01  -1.3751135145e-02
2.377129e+03  9.9286446574e-01  1.5511276124e-02  9.9287344952e-01  -1.5505116153e-02
2.397800e+03  9.9183588176e-01  1.7210604067e-02  9.9184633367e-01  -1.7204540391e-02
2.418470e+03  9.9069983322e-01  1.8848824988e-02  9.9071171272e-01  -1.8842881897e-02
2.439141e+03  9.8946035389e-01  2.0419624544e-02  9.8947361342e-01  -2.0413826140e-02
2.459812e+03  9.8812190219e-01  2.1916928761e-02  9.8813648733e-01  -2.1911298809e-02
2.480482e+03  9.8668934501e-01  2.3334931982e-02  9.8670519464e-01  -2.3329493755e-02
2.501153e+03  9.8516793942e-01  2.4668123797e-02  9.8518498591e-01  -2.4662899928e-02
2.521824e+03  9.8356331227e-01  2.5911314794e-02  9.8358148176e-01  -2.5906327122e-02
2.542495e+03  9.8188143786e-01  2.7059660965e-02  9.8190065048e-01  -2.7054930386e-02
2.563165e+03  9.8012861363e-01  2.8108686597e-02  9.8014878386e-01  -2.8104232920e-02
2.583836e+03  9.7831143423e-01  2.9054305521e-02  9.7833247122e-01  -2.9050147312e-02
2.604507e+03  9.7643676381e-01  2.9892840542e-02  9.7645857179e-01  -2.9888994990e-02
2.625177e+03  9.7451170694e-01  3.0621040963e-02  9.7453418567e-01  -3.0617523731e-02
2.645848e+03  9.7254357818e-01  3.1236098047e-02  9.7256662340e-01  -3.1232923144e-02
2.666519e+03  9.7053987042e-01  3.1735658341e-02  9.7056337439e-01  -3.1732837989e-02
2.687189e+03  9.6850822238e-01  3.2117834749e-02  9.6853207442e-01  -3.2115379266e-02
2.707860e+03  9.6645638516e-01  3.2381215307e-02  9.6648047230e-01  -3.2379132994e-02
2.728531e+03  9.6439218831e-01  3.2524869570e-02  9.6441639591e-01  -3.2523166615e-02
2.749201e+03  9.6232350540e-01  3.2548352592e-02  9.6234771788e-01  -3.2547032984e-02
2.769872e+03  9.6025821949e-01  3.2451706469e-02  9.6028232101e-01  -3.2450771927e-02
2.790543e+03  9.5820418850e-01  3.2235459428e-02  9.5822806375e-01  -3.2234909348e-02
2.811213e+03  9.5616921088e-01  3.1900622484e-02  9.5619274581e-01  -3.1900453905e-02
2.831884e+03  9.5416099160e-01  3.1448683683e-02  9.5418407422e-01  -3.1448891270e-02
2.852555e+03  9.5218710879e-01  3.0881599981e-02  9.5220962991e-01  -3.0882176028e-02
2.873226e+03  9.5025498118e-01  3.0201786811e-02  9.5027683514e-01  -3.0202721269e-02
2.893896e+03  9.4837183652e-01  2.9412105432e-02  9.4839292184e-01  -2.9413385951e-02
2.914567e+03  9.4654468106e-01  2.8515848126e-02  9.4656490115e-01  -2.8517460123e-02
2.935238e+03  9.4478027052e-01  2.7516721376e-02  9.4479953420e-01  -2.7518648120e-02
2.955908e+03  9.4308508232e-01  2.6418827127e-02  9.4310330443e-01  -2.6421049843e-02
2.976579e+03  9.4146528960e-01  2.5226642271e-02  9.4148239142e-01  -2.5229140258e-02
2.997250e+03  9.3992673688e-01  2.3944996489e-02  9.3994264655e-01  -2.3947747259e-02
3.017920e+03  9.3847491759e-01  2.2579048622e-02  9.3848957046e-01  -2.2582028048e-02
3.038591e+03  9.3711495357e-01  2.1134261705e-02  9.3712829248e-01  -2.1137444178e-02
3.059262e+03  9.3585157658e-01  1.9616376850e-02  9.3586355209e-01  -1.9619735457e-02
3.079932e+03  9.3468911199e-01  1.8031386145e-02  9.3469968248e-01  -1.8034892840e-02
3.100603e+03  9.3363146449e-01  1.6385504735e-02  9.3364059632e-01  -1.6389130527e-02
3.121274e+03  9.3268210615e-01  1.4685142269e-02  9.3268977361e-01  -1.4688857410e-02
3.141944e+03  9.3184406657e-01  1.2936873885e-02  9.3185025190e-01  -1.2940648061e-02
3.162615e+03  9.3111992531e-01  1.1147410901e-02  9.3112461860e-01  -1.1151213422e-02
3.183286e+03  9.3051180652e-01  9.3235713831e-03  9.3051500552e-01  -9.3273713771e-03
3.203957e+03  9.3002137571e-01  7.4722507572e-03  9.3002308568e-01  -7.4760173619e-03
3.224627e+03  9.2964983870e-01  5.6003926183e-03  9.2965007216e-01  -5.6040951675e-03
3.245298e+03  9.2939794266e-01  3.7149598881e-03  9.2939671909e-01  -3.7185680971e-03
3.265969e+03  9.2926597920e-01  1.8229064655e-03  9.2926332467e-01  -1.8263906110e-03
3.286639e+03  9.2925378934e-01  -6.8850496049e-05  9.2924973620e-01  6.5519401804e-05
3.307310e+03  9.2936077050e-01  -1.9534575576e-03  9.2935535692e-01  1.9503075990e-03
3.327981e+03  9.2958588516e-01  -3.8241510920e-03  9.2957915469e-01  3.8212092903e-03
3.348651e+03  9.2992767131e-01  -5.6742824001e-03  9.2991967240e-01  5.6715745616e-03
3.369322e+03  9.3038425446e-01  -7.4973417447e-03  9.3037503998e-01  7.4948923180e-03
3.389993e+03  9.3095336119e-01  -9.2869812085e-03  9.3094298786e-01  9.2848131516e-03
3.410663e+03  9.3163233407e-01  -1.1037036291e-02  9.3162086194e-01  1.1035170949e-02
3.431334e+03  9.3241814786e-01  -1.2741546171e-02  9.3240563973e-01  1.2740003164e-02
3.452005e+03  9.3330742686e-01  -1.4394772557e-02  9.3329394772e-01  1.4393569681e-02
3.472675e+03  9.3429646332e-01  -1.5991217078e-02  9.3428207976e-01  1.5990370219e-02
3.493346e+03  9.3538123671e-01  -1.7525637156e-02  9.3536601636e-01  1.7525160215e-02
3.514017e+03  9.3655743380e-01  -1.8993060320e-02  9.3654144476e-01  1.8992965157e-02
3.534688e+03  9.3782046935e-01  -2.0388796934e-02  9.3780377965e-01  2.0389093325e-02
3.555358e+03  9.3916550725e-01  -2.1708451323e-02  9.3914818435e-01  2.1709146934e-02
3.576029e+03  9.4058748207e-01  -2.2947931282e-02  9.4056959239e-01  2.2949031667e-02
3.596700e+03  9.4208112078e-01  -2.4103455993e-02  9.4206272924e-01  2.4104964602e-02
3.617370e+03  9.4364096447e-01  -2.5171562357e-02  9.4362213415e-01  2.5173480574e-02
3.638041e+03  9.4526139006e-01  -2.6149109791e-02  9.4524218188e-01  2.6151436990e-02
3.658712e+03  9.4693663175e-01  -2.7033283548e-02  9.4691710419e-01  2.7036017166e-02
3.679382e+03  9.4866080203e-01  -2.7821596619e-02  9.4864101100e-01  2.7824732254e-02
3.700053e+03  9.5042791236e-01  -2.8511890316e-02  9.5040791107e-01  2.8515421844e-02
3.720724e+03  9.5223189312e-01  -2.9102333639e-02  9.5221173203e-01  2.9106253346e-02
3.741394e+03  9.5406661291e-01  -2.9591421537e-02  9.5404633982e-01  2.9595720268e-02
3.762065e+03  9.5592589712e-01  -2.9977972194e-02  9.5590555720e-01  2.9982639513e-02
3.782736e+03  9.5780354560e-01  -3.0261123477e-02  9.5778318159e-01  3.0266147836e-02
3.803406e+03  9.5969334950e-01  -3.0440328695e-02  9.5967300191e-01  3.0445697612e-02
3.824077e+03  9.6158910719e-01  -3.0515351803e-02  9.6156881454e-01  3.0521052042e-02
3.844748e+03  9.6348463929e-01  -3.0486262220e-02  9.6346443844e-01  3.0492279968e-02
3.865419e+03  9.6537380285e-01  -3.0353429375e-02  9.6535372931e-01  3.0359750421e-02
3.886089e+03  9.6725050470e-01  -3.0117517148e-02  9.6723059298e-01  3.0124127046e-02
3.906760e+03  9.6910871403e-01  -2.9779478296e-02  9.6908899807e-01  2.9786362525e-02
3.927431e+03  9.7094247438e-01  -2.9340548999e-02  9.7092298789e-01  2.9347693103e-02
3.948101e+03  9.7274591506e-01  -2.8802243596e-02  9.7272669191e-01  2.8809633308e-02
3.968772e+03  9.7451326211e-01  -2.8166349585e-02  9.7449433670e-01  2.8173970934e-02
3.989443e+03  9.7623884901e-01  -2.7434922922e-02  9.7622025658e-01  2.7442762316e-02
4.010113e+03  9.7791712721e-01  -2.6610283647e-02  9.7789890414e-01  2.6618327936e-02
4.030784e+03  9.7954267663e-01  -2.5695011809e-02  9.7952486074e-01  2.5703248323e-02
4.051455e+03  9.8111021633e-01  -2.4691943666e-02  9.8109284702e-01  2.4700360236e-02
4.072125e+03  9.8261461529e-01  -2.3604168081e-02  9.8259773377e-01  2.3612753035e-02
4.092796e+03  9.8405090371e-01  -2.2435023047e-02  9.8403455304e-01  2.2443765185e-02
4.113467e+03  9.8541428458e-01  -2.1188092191e-02  9.8539850981e-01  2.1196980748e-02
4.134137e+03  9.8670014598e-01  -1.9867201170e-02  9.8668499406e-01  1.9876225750e-02
4.154808e+03  9.8790407376e-01  -1.8476413764e-02  9.8788959353e-01  1.8485564274e-02
4.175479e+03  9.8902186498e-01  -1.7020027538e-02  9.8900810701e-01  1.7029294098e-02
4.196150e+03  9.9004954188e-01  -1.5502568886e-02  9.9003655831e-01  1.5511941732e-02
4.216820e+03  9.9098336647e-01  -1.3928787288e-02  9.9097121070e-01  1.3938256669e-02
4.237491e+03  9.9181985561e-01  -1.2303648606e-02  9.9180858201e-01  1.2313204676e-02
4.258162e+03  9.9255579647e-01  -1.0632327265e-02  9.9254546002e-01  1.0641959971e-02
4.278832e+03  9.9318826239e-01  -8.9201971473e-03  9.9317891823e-01  8.9298961187e-03
4.299503e+03  9.9371462881e-01  -7.1728210850e-03  9.9370633177e-01  7.1825755290e-03
4.320174e+03  9.9413258921e-01  -5.3959388195e-03  9.9412539331e-01  5.4057374186e-03
4.340844e+03  9.9444017082e-01  -3.5954533438e-03  9.9443412874e-01  3.6052841626e-03
4.361515e+03  9.9463574998e-01  -1.7774155609e-03  9.9463091247e-01  1.7872659630e-03
4.382186e+03  9.9471806676e-01  5.1992774671e-05  9.9471448210e-01  -4.2136199218e-05
4.402856e+03  9.9468623882e-01  1.8864778360e-03  9.9468395221e-01  -1.8766293300e-03
4.423527e+03  9.9453977413e-01  3.7196541931e-03  9.9453882709e-01  -3.7098288776e-03
4.444198e+03  9.9427858233e-01  5.5450669102e-03  9.9427901212e-01  -5.5352808151e-03
4.464868e+03  9.9390298465e-01  7.3562151752e-03  9.9390482369e-01  -7.3464852540e-03
4.485539e+03  9.9341372195e-01  9.1465773363e-03  9.9341699725e-01  -9.1369214642e-03
4.506210e+03  9.9281196093e-01  1.0909637190e-02  9.9281669355e-01  -1.0900074145e-02
4.526881e+03  9.9209929814e-01  1.2638911338e-02  9.9210550269e-01  -1.2629460768e-02
4.547551e+03  9.9127776174e-01  1.4327977413e-02  9.9128544591e-01  -1.4318659778e-02
4.568222e+03  9.9034981087e-01  1.5970502936e-02  9.9035897501e-01  -1.5961339445e-02
4.588893e+03  9.8931833253e-01  1.7560274587e-02  9.8932896930e-01  -1.7551287107e-02
4.609563e+03  9.8818663589e-01  1.9091227607e-02  9.8819872996e-01  -1.9082438566e-02
4.630234e+03  9.8695844406e-01  2.0557475102e-02  9.8697197189e-01  -2.0548907370e-02
4.650905e+03  9.8563788316e-01  2.1953336962e-02  9.8565281289e-01  -2.1945013723e-02
4.671575e+03  9.8422946902e-01  2.3273368154e-02  9.8424576041e-01  -2.3265312764e-02
4.692246e+03  9.8273809124e-01  2.4512386118e-02  9.8275569570e-01  -2.4504621956e-02
4.712917e+03  9.8116899491e-01  2.5665497032e-02  9.8118785567e-01  -2.5658047344e-02
4.733587e+03  9.7952776012e-01  2.6728120713e-02  9.7954781246e-01  -2.6721008448e-02
4.754258e+03  9.7782027932e-01  2.7696013937e-02  9.7784145083e-01  -2.7689261582e-02
4.774929e+03  9.7605273266e-01  2.8565291987e-02  9.7607494371e-01  -2.8558921402e-02
4.795599e+03  9.7423156177e-01  2.9332448259e-02  9.7425472593e-01  -2.9326480510e-02
4.816270e+03  9.7236344178e-01  2.9994371770e-02  9.7238746640e-01  -2.9988826973e-02
4.836941e+03  9.7045525219e-01  3.0548362461e-02  9.7048003897e-01  -3.0543259621e-02
4.857612e+03  9.6851404658e-01  3.0992144187e-02  9.6853949222e-01  -3.0987501050e-02
4.878282e+03  9.6654702145e-01  3.1323875334e-02  9.6657301834e-01  -3.1319708242e-02
4.898953e+03  9.6456148447e-01  3.1542157014e-02  9.6458792139e-01  -3.1538480771e-02
4.919624e+03  9.6256482233e-01  3.1646038836e-02  9.6259158516e-01  -3.1642866579e-02
4.940294e+03  9.6056446844e-01  3.1635022248e-02  9.6059144092e-01  -3.1632365322e-02
4.960965e+03  9.5856787070e-01  3.1509061491e-02  9.5859493509e-01  -3.1506929339e-02
4.981636e+03  9.5658245951e-01  3.1268562216e-02  9.5660949735e-01  -3.1266962276e-02
5.002306e+03  9.5461561630e-01  3.0914377850e-02  9.5464250909e-01  -3.0913315452e-02
5.022977e+03  9.5267464269e-01  3.0447803782e-02  9.5270127254e-01  -3.0447282064e-02
5.043648e+03  9.5076673048e-01  2.9870569496e-02  9.5079298078e-01  -2.9870589326e-02
5.064318e+03  9.4889893264e-01  2.9184828761e-02  9.4892468866e-01  -2.9185388668e-02
5.084989e+03  9.4707813541e-01  2.8393148011e-02  9.4710328483e-01  -2.8394244125e-02
5.105660e+03  9.4531103161e-01  2.7498493045e-02  9.4533546506e-01  -2.7500119057e-02
5.126330e+03  9.4360409527e-01  2.6504214204e-02  9.4362770682e-01  -2.6506361326e-02
5.147001e+03  9.4196355770e-01  2.5414030146e-02  9.4198624528e-01  -2.5416687092e-02
5.167672e+03  9.4039538498e-01  2.4232010390e-02  9.4041705080e-01  -2.4235163364e-02
5.188343e+03  9.3890525699e-01  2.2962556745e-02  9.3892580788e-01  -2.2966189444e-02
5.209013e+03  9.3749854798e-01  2.1610383781e-02  9.3751789574e-01  -2.1614477408e-02
5.229684e+03  9.3618030863e-01  2.0180498468e-02  9.3619837038e-01  -2.0185031758e-02
5.250355e+03  9.3495524983e-01  1.8678179106e-02  9.3497194825e-01  -1.8683128360e-02
5.271025e+03  9.3382772783e-01  1.7108953668e-02  9.3384299146e-01  -1.7114292802e-02
5.291696e+03  9.3280173111e-01  1.5478577663e-02  9.3281549458e-01  -1.5484278265e-02
5.312367e+03  9.3188086864e-01  1.3793011626e-02  9.3189307290e-01  -1.3799043022e-02
5.333037e+03  9.3106835970e-01  1.2058398309e-02  9.3107895223e-01  -1.2064727641e-02
5.353708e+03  9.3036702518e-01  1.0281039681e-02  9.3037596018e-01  -1.0287631995e-02
5.374379e+03  9.2977928025e-01  8.4673737797e-03  9.2978651879e-01  -8.4741921233e-03
5.395049e+03  9.2930712847e-01  6.6239515066e-03  9.2931263870e-01  -6.6309570367e-03
5.415720e+03  9.2895215722e-01  4.7574133981e-03  9.2895591452e-01  -4.7645655041e-03
5.436391e+03  9.2871553451e-01  2.8744664404e-03  9.2871752161e-01  -2.8817228790e-03
5.457061e+03  9.2859800703e-01  9.8186096054e-04  9.2859821418e-01  -9.8917800617e-04
5.477732e+03  9.2859989950e-01  -9.1363236370e-04  9.2859832458e-01  9.0629975174e-04
5.498403e+03  9.2872111524e-01  -2.8052453403e-03  9.2871776387e-01  2.7979433326e-03
5.519074e+03  9.2896113800e-01  -4.6862349143e-03  9.2895602362e-01  4.6790106076e-03
5.539744e+03  9.2931903495e-01  -6.5499056021e-03  9.2931217888e-01  6.5428067959e-03
5.560415e+03  9.2979346090e-01  -8.3896316788e-03  9.2978489232e-01  8.3827066338e-03
5.581086e+03  9.3038266365e-01  -1.0198879088e-02  9.3037241958e-01  1.0192176265e-02
5.601756e+03  9.3108449054e-01  -1.1971227038e-02  9.3107261576e-01  1.1964794823e-02
5.622427e+03  9.3189639612e-01  -1.3700389259e-02  9.3188294308e-01  1.3694275668e-02
5.643098e+03  9.3281545104e-01  -1.5380234866e-02  9.3280047962e-01  1.5374487245e-02
5.663768e+03  9.3383835201e-01  -1.7004808809e-02  9.3382192934e-01  1.6999473518e-02
5.684439e+03  9.3496143296e-01  -1.8568351842e-02  9.3494363311e-01  1.8563473939e-02
5.705110e+03  9.3618067728e-01  -2.0065319980e-02  9.3616158092e-01  2.0060942903e-02
5.725780e+03  9.3749173126e-01  -2.1490403378e-02  9.3747142526e-01  2.1486568631e-02
5.746451e+03  9.3888991856e-01  -2.2838544585e-02  9.3886849556e-01  2.2835291431e-02
5.767122e+03  9.4037025588e-01  -2.4104956098e-02  9.4034781374e-01  2.4102321270e-02
5.787792e+03  9.4192746960e-01  -2.5285137169e-02  9.4190411088e-01  2.5283154598e-02
5.808463e+03  9.4355601358e-01  -2.6374889783e-02  9.4353184491e-01  2.6373590349e-02
5.829134e+03  9.4525008787e-01  -2.7370333747e-02  9.4522521932e-01  2.7369745056e-02
5.849805e+03  9.4700365854e-01  -2.8267920812e-02  9.4697820294e-01  2.8268067016e-02
5.870475e+03  9.4881047826e-01  -2.9064447771e-02  9.4878455052e-01  2.9065349407e-02
5.891146e+03  9.5066410797e-01  -2.9757068443e-02  9.5063782435e-01  2.9758742323e-02
5.911817e+03  9.5255793919e-01  -3.0343304493e-02  9.5253141662e-01  3.0345763624e-02
5.932487e+03  9.5448521719e-01  -3.0821055008e-02  9.5445857259e-01  3.0824308558e-02
5.953158e+03  9.5643906480e-01  -3.1188604774e-02  9.5641241439e-01  3.1192658075e-02
5.973829e+03  9.5841250682e-01  -3.1444631195e-02  9.5838596550e-01  3.1449485782e-02
5.994499e+03  9.6039849493e-01  -3.1588209797e-02  9.6037217569e-01  3.1593863485e-02
6.015170e+03  9.6238993302e-01  -3.1618818273e-02  9.6236394640e-01  3.1625265265e-02
6.035841e+03  9.6437970284e-01  -3.1536339035e-02  9.6435415642e-01  3.1543570055e-02
6.056511e+03  9.6636068982e-01  -3.1341060223e-02  9.6633568778e-01  3.1349062678e-02
6.077182e+03  9.6832580905e-01  -3.1033675178e-02  9.6830145178e-01  3.1042433336e-02
6.097853e+03  9.7026803115e-01  -3.0615280333e-02  9.7024441491e-01  3.0624775516e-02
6.118523e+03  9.7218040809e-01  -3.0087371546e-02  9.7215762472e-01  3.0097582332e-02
6.139194e+03  9.7405609874e-01  -2.9451838860e-02  9.7403423536e-01  2.9462741288e-02
6.159865e+03  9.7588839400e-01  -2.8710959717e-02  9.7586753286e-01  2.8722527498e-02
6.180535e+03  9.7767074152e-01  -2.7867390649e-02  9.7765095980e-01  2.7879595368e-02
6.201206e+03  9.7939676981e-01  -2.6924157483e-02  9.7937813944e-01  2.6936968796e-02
6.221877e+03  9.8106031159e-01  -2.5884644093e-02  9.8104289917e-01  2.5898029921e-02
6.242548e+03  9.8265542644e-01  -2.4752579769e-02  9.8263929311e-01  2.4766506474e-02
6.263218e+03  9.8417642245e-01  -2.3532025251e-02  9.8416162380e-01  2.3546457810e-02
6.283889e+03  9.8561787692e-01  -2.2227357496e-02  9.8560446293e-01  2.2242259659e-02
6.304560e+03  9.8697465594e-01  -2.0843253254e-02  9.8696267095e-01  2.0858587698e-02
6.325230e+03  9.8824193287e-01  -1.9384671538e-02  9.8823141552e-01  1.9400400005e-02
6.345901e+03  9.8941520552e-01  -1.7856835055e-02  9.8940618877e-01  1.7872918492e-02
6.366572e+03  9.9049031209e-01  -1.6265210702e-02  9.9048282326e-01  1.6281609386e-02
6.387242e+03  9.9146344572e-01  -1.4615489204e-02  9.9145750651e-01  1.4632162865e-02
6.407913e+03  9.9233116772e-01  -1.2913563989e-02  9.9232679427e-01  1.2930471929e-02
6.428584e+03  9.9309041927e-01  -1.1165509396e-02  9.9308762227e-01  1.1182610605e-02
6.449254e+03  9.9373853177e-01  -9.3775583011e-03  9.9373731652e-01  9.3948115703e-03
6.469925e+03  9.9427323555e-01  -7.5560792665e-03  9.9427360214e-01  7.5734433021e-03
6.490596e+03  9.9469266724e-01  -5.7075532933e-03  9.9469461067e-01  5.7249868297e-03
6.511266e+03  9.9499537546e-01  -3.8385502831e-03  9.9499888585e-01  3.8560121978e-03
6.531937e+03  9.9518032507e-01  -1.9557052963e-03  9.9518538785e-01  1.9731547260e-03
6.552608e+03  9.9524689988e-01  -6.5694699884e-05  9.9525349605e-01  8.3091157489e-05
6.573279e+03  9.9519490384e-01  1.8247877027e-03  9.9520301019e-01  -1.8074842097e-03
6.593949e+03  9.9502456068e-01  3.7090544714e-03  9.9503415009e-01  -3.6918833225e-03
6.614620e+03  9.9473651214e-01  5.5804481706e-03  9.9474755386e-01  -5.5634480152e-03
6.635291e+03  9.9433181468e-01  7.4323647674e-03  9.9434427460e-01  -7.4155734096e-03
6.655961e+03  9.9381193478e-01  9.2582767060e-03  9.9382577572e-01  -9.2417309927e-03
6.676632e+03  9.9317874289e-01  1.1051755579e-02  9.9319392481e-01  -1.1035491294e-02
6.697303e+03  9.9243450591e-01  1.2806494326e-02  9.9245098621e-01  -1.2790546087e-02
6.717973e+03  9.9158187852e-01  1.4516328884e-02  9.9159961220e-01  -1.4500730053e-02
6.738644e+03  9.9062389307e-01  1.6175259238e-02  9.9064283297e-01  -1.6160041832e-02
6.759315e+03  9.8956394840e-01  1.7777469796e-02  9.8958404533e-01  -1.7762664418e-02
6.779985e+03  9.8840579743e-01  1.9317349064e-02  9.8842700029e-01  -1.9302984829e-02
6.800656e+03  9.8715353365e-01  2.0789508535e-02  9.8717578955e-01  -2.0775613023e-02
6.821327e+03  9.8581157656e-01  2.2188800794e-02  9.8583483087e-01  -2.2175400000e-02
6.841997e+03  9.8438465614e-01  2.3510336763e-02  9.8440885253e-01  -2.3497455066e-02
6.862668e+03  9.8287779630e-01  2.4749502081e-02  9.8290287674e-01  -2.4737162218e-02
6.883339e+03  9.8129629751e-01  2.5901972569e-02  9.8132220224e-01  -2.5890195622e-02
6.904010e+03  9.7964571851e-01  2.6963728763e-02  9.7967238602e-01  -2.6952534152e-02
6.924680e+03  9.7793185727e-01  2.7931069484e-02  9.7795922421e-01  -2.7920474967e-02
6.945351e+03  9.7616073109e-01  2.8800624414e-02  9.7618873224e-01  -2.8790646090e-02
6.966022e+03  9.7433855612e-01  2.9569365651e-02  9.7436712431e-01  -2.9560017970e-02
6.986692e+03  9.7247172604e-01  3.0234618211e-02  9.7250079209e-01  -3.0225913983e-02
7.007363e+03  9.7056679021e-01  3.0794069445e-02  9.7059628290e-01  -3.0786019850e-02
7.028034e+03  9.6863043116e-01  3.1245777325e-02  9.6866027724e-01  -3.1238391924e-02
7.048704e+03  9.6666944161e-01  3.1588177575e-02  9.6669956577e-01  -3.1581464312e-02
7.069375e+03  9.6469070088e-01  3.1820089586e-02  9.6472102582e-01  -3.1814054794e-02
7.090046e+03  9.6270115099e-01  3.1940721082e-02  9.6273159750e-01  -3.1935369479e-02
7.110716e+03  9.6070777229e-01  3.1949671481e-02  9.6073825934e-01  -3.1945006163e-02
7.131387e+03  9.5871755886e-01  3.1846933918e-02  9.5874800374e-01  -3.1842956350e-02
7.152058e+03  9.5673749361e-01  3.1632895869e-02  9.5676781213e-01  -3.1629605868e-02
7.172728e+03  9.5477452338e-01  3.1308338350e-02  9.5480463001e-01  -3.1305734067e-02
7.193399e+03  9.5283553382e-01  3.0874433645e-02  9.5286534198e-01  -3.0872511540e-02
7.214070e+03  9.5092732455e-01  3.0332741540e-02  9.5095674680e-01  -3.0331496360e-02
7.234741e+03  9.4905658432e-01  2.9685204043e-02  9.4908553269e-01  -2.9684628790e-02
7.255411e+03  9.4722986658e-01  2.8934138575e-02  9.4725825281e-01  -2.8934224484e-02
7.276082e+03  9.4545356543e-01  2.8082229649e-02  9.4548130133e-01  -2.8082966157e-02
7.296753e+03  9.4373389215e-01  2.7132519036e-02  9.4376088990e-01  -2.7133893758e-02
7.317423e+03  9.4207685235e-01  2.6088394463e-02  9.4210302485e-01  -2.6090393164e-02
7.338094e+03  9.4048822396e-01  2.4953576876e-02  9.4051348523e-01  -2.4956183455e-02
7.358765e+03  9.3897353614e-01  2.3732106334e-02  9.3899780167e-01  -2.3735302803e-02
7.379435e+03  9.3753804922e-01  2.2428326603e-02  9.3756123635e-01  -2.2432093072e-02
7.400106e+03  9.3618673575e-01  2.1046868528e-02  9.3620876409e-01  -2.1051183198e-02
7.420777e+03  9.3492426282e-01  1.9592632284e-02  9.3494505461e-01  -1.9597471442e-02
