0.000000e+00  1.0000000000e+00  0.0000000000e+00  1.0000000000e+00  0.0000000000e+00
2.067069e+01  9.9993315326e-01  2.0939915625e-03  9.9993463602e-01  -2.0938673231e-03
4.134137e+01  9.9973588740e-01  4.1795861240e-03  9.9973883459e-01  -4.1793385302e-03
6.201206e+01  9.9940908015e-01  6.2484309900e-03  9.9941346533e-01  -6.2480617418e-03
8.268275e+01  9.9895418215e-01  8.2922616240e-03  9.9895997110e-01  -8.2917731443e-03
1.033534e+02  9.9837320724e-01  1.0302944674e-02  9.9838035831e-01  -1.0302340012e-02
1.240241e+02  9.9766871904e-01  1.2272519802e-02  9.9767718360e-01  -1.2271802536e-02
1.446948e+02  9.9684381400e-01  1.4193239957e-02  9.9685353691e-01  -1.4192414095e-02
1.653655e+02  9.9590210111e-01  1.6057609739e-02  9.9591302125e-01  -1.6056679626e-02
1.860362e+02  9.9484767864e-01  1.7858421561e-02  9.9485972949e-01  -1.7857391788e-02
2.067069e+02  9.9368510798e-01  1.9588789332e-02  9.9369821818e-01  -1.9587664656e-02
2.273776e+02  9.9241938509e-01  2.1242179421e-02  9.9243347907e-01  -2.1240964692e-02
2.480482e+02  9.9105590969e-01  2.2812438728e-02  9.9107090829e-01  -2.2811138824e-02
2.687189e+02  9.8960045276e-01  2.4293819698e-02  9.8961627383e-01  -2.4292439469e-02
2.893896e+02  9.8805912240e-01  2.5681002181e-02  9.8807568145e-01  -2.5679546408e-02
3.100603e+02  9.8643832865e-01  2.6969112079e-02  9.8645553947e-01  -2.6967585437e-02
3.307310e+02  9.8474474753e-01  2.8153736753e-02  9.8476252280e-01  -2.8152143785e-02
3.514017e+02  9.8298528451e-01  2.9230937216e-02  9.8300353640e-01  -2.9229282313e-02
3.720724e+02  9.8116703795e-01  3.0197257157e-02  9.8118567868e-01  -3.0195544550e-02
3.927431e+02  9.7929726259e-01  3.1049728894e-02  9.7931620504e-01  -3.1047962643e-02
4.134137e+02  9.7738333356e-01  3.1785876365e-02  9.7740249176e-01  -3.1784060363e-02
4.340844e+02  9.7543271103e-01  3.2403715308e-02  9.7545200061e-01  -3.2401853278e-02
4.547551e+02  9.7345290571e-01  3.2901750772e-02  9.7347224442e-01  -3.2899846277e-02
4.754258e+02  9.7145144559e-01  3.3278972169e-02  9.7147075363e-01  -3.3277028618e-02
4.960965e+02  9.6943584382e-01  3.3534846031e-02  9.6945504423e-01  -3.3532866685e-02
5.167672e+02  9.6741356812e-01  3.3669306685e-02  9.6743258706e-01  -3.3667294669e-02
5.374379e+02  9.6539201167e-01  3.3682745049e-02  9.6541077865e-01  -3.3680703363e-02
5.581086e+02  9.6337846562e-01  3.3575995757e-02  9.6339691372e-01  -3.3573927285e-02
5.787792e+02  9.6138009336e-01  3.3350322813e-02  9.6139815931e-01  -3.3348230333e-02
5.994499e+02  9.5940390642e-01  3.3007403980e-02  9.5942153073e-01  -3.3005290170e-02
6.201206e+02  9.5745674224e-01  3.2549314091e-02  9.5747386918e-01  -3.2547181541e-02
6.407913e+02  9.5554524357e-01  3.1978507469e-02  9.5556182117e-01  -3.1976358687e-02
6.614620e+02  9.5367583970e-01  3.1297799640e-02  9.5369181967e-01  -3.1295637052e-02
6.821327e+02  9.5185472931e-01  3.0510348477e-02  9.5187006696e-01  -3.0508174435e-02
7.028034e+02  9.5008786505e-01  2.9619634954e-02  9.5010251913e-01  -2.9617451733e-02
7.234741e+02  9.4838093965e-01  2.8629443622e-02  9.4839487221e-01  -2.8627253420e-02
7.441447e+02  9.4673937357e-01  2.7543842943e-02  9.4675254979e-01  -2.7541647878e-02
7.648154e+02  9.4516830418e-01  2.6367165591e-02  9.4518069216e-01  -2.6364967695e-02
7.854861e+02  9.4367257621e-01  2.5103988809e-02  9.4368414682e-01  -2.5101790022e-02
8.061568e+02  9.4225673355e-01  2.3759114908e-02  9.4226746024e-01  -2.3756917067e-02
8.268275e+02  9.4092501233e-01  2.2337551978e-02  9.4093487094e-01  -2.2335356812e-02
8.474982e+02  9.3968133502e-01  2.0844494870e-02  9.3969030363e-01  -2.0842303991e-02
8.681689e+02  9.3852930567e-01  1.9285306497e-02  9.3853736444e-01  -1.9283121386e-02
8.888396e+02  9.3747220609e-01  1.7665499475e-02  9.3747933715e-01  -1.7663321475e-02
9.095102e+02  9.3651299292e-01  1.5990718152e-02  9.3651918027e-01  -1.5988548462e-02
9.301809e+02  9.3565429554e-01  1.4266721029e-02  9.3565952495e-01  -1.4264560694e-02
9.508516e+02  9.3489841471e-01  1.2499363579e-02  9.3490267370e-01  -1.2497213491e-02
9.715223e+02  9.3424732196e-01  1.0694581474e-02  9.3425059975e-01  -1.0692442367e-02
9.921930e+02  9.3370265951e-01  8.8583742176e-03  9.3370494703e-01  -8.8562466701e-03
1.012864e+03  9.3326574085e-01  6.9967891569e-03  9.3326703074e-01  -6.9946735997e-03
1.033534e+03  9.3293755182e-01  5.1159058808e-03  9.3293783848e-01  -5.1138026062e-03
1.054205e+03  9.3271875219e-01  3.2218209726e-03  9.3271803180e-01  -3.2197301494e-03
1.074876e+03  9.3260967764e-01  1.3206331020e-03  9.3260794823e-01  -1.3185547939e-03
1.095546e+03  9.3261034225e-01  -5.8157156785e-04  9.3260760374e-01  5.8363737972e-04
1.116217e+03  9.3272044130e-01  -2.4787336805e-03  9.3271669553e-01  2.4807870735e-03
1.136888e+03  9.3293935446e-01  -4.3648347210e-03  9.3293460524e-01  4.3668758048e-03
1.157558e+03  9.3326614939e-01  -6.2339108072e-03  9.3326040252e-01  6.2359396986e-03
1.178229e+03  9.3369958563e-01  -8.0800662651e-03  9.3369284892e-01  8.0820830641e-03
1.198900e+03  9.3423811884e-01  -9.8974870093e-03  9.3423040211e-01  9.8994917794e-03
1.219571e+03  9.3487990543e-01  -1.1680453752e-02  9.3487122052e-01  1.1682446505e-02
1.240241e+03  9.3562280747e-01  -1.3423355060e-02  9.3561316821e-01  1.3425335748e-02
1.260912e+03  9.3646439805e-01  -1.5120700277e-02  9.3645382025e-01  1.5122668793e-02
1.281583e+03  9.3740196690e-01  -1.6767132327e-02  9.3739046833e-01  1.6769088510e-02
1.302253e+03  9.3843252657e-01  -1.8357440408e-02  9.3842012689e-01  1.8359384065e-02
1.322924e+03  9.3955281880e-01  -1.9886572581e-02  9.3953953956e-01  1.9888503515e-02
1.343595e+03  9.4075932156e-01  -2.1349648270e-02  9.4074518612e-01  2.1351566321e-02
1.364265e+03  9.4204825636e-01  -2.2741970654e-02  9.4203328986e-01  2.2743875750e-02
1.384936e+03  9.4341559611e-01  -2.4059038963e-02  9.4339982547e-01  2.4060931180e-02
1.405607e+03  9.4485707354e-01  -2.5296560658e-02  9.4484052742e-01  2.5298440294e-02
1.426277e+03  9.4636819008e-01  -2.6450463487e-02  9.4635089893e-01  2.6452331134e-02
1.446948e+03  9.4794422536e-01  -2.7516907391e-02  9.4792622143e-01  2.7518764022e-02
1.467619e+03  9.4958024730e-01  -2.8492296244e-02  9.4956156470e-01  2.8494143294e-02
1.488289e+03  9.5127112282e-01  -2.9373289391e-02  9.5125179763e-01  2.9375128838e-02
1.508960e+03  9.5301152922e-01  -3.0156812949e-02  9.5299159956e-01  3.0158647396e-02
1.529631e+03  9.5479596629e-01  -3.0840070835e-02  9.5477547243e-01  3.0841903583e-02
1.550302e+03  9.5661876901e-01  -3.1420555480e-02  9.5659775346e-01  3.1422390586e-02
1.570972e+03  9.5847412106e-01  -3.1896058165e-02  9.5845262873e-01  3.1897900497e-02
1.591643e+03  9.6035606907e-01  -3.2264678943e-02  9.6033414732e-01  3.2266534217e-02
1.612314e+03  9.6225853754e-01  -3.2524836079e-02  9.6223623631e-01  3.2526710879e-02
1.632984e+03  9.6417534457e-01  -3.2675274947e-02  9.6415271643e-01  3.2677176728e-02
1.653655e+03  9.6610021832e-01  -3.2715076329e-02  9.6607731857e-01  3.2717013398e-02
1.674326e+03  9.6802681419e-01  -3.2643664028e-02  9.6800370089e-01  3.2645645512e-02
1.694996e+03  9.6994873276e-01  -3.2460811752e-02  9.6992546672e-01  3.2462847532e-02
1.715667e+03  9.7185953839e-01  -3.2166649175e-02  9.7183618321e-01  3.2168749804e-02
1.736338e+03  9.7375277858e-01  -3.1761667105e-02  9.7372940055e-01  3.1763843708e-02
1.757008e+03  9.7562200388e-01  -3.1246721699e-02  9.7559867191e-01  3.1248985842e-02
1.777679e+03  9.7746078844e-01  -3.0623037639e-02  9.7743757397e-01  3.0625401180e-02
1.798350e+03  9.7926275117e-01  -2.9892210190e-02  9.7923972794e-01  2.9894685114e-02
1.819020e+03  9.8102157733e-01  -2.9056206088e-02  9.8099882120e-01  2.9058804321e-02
1.839691e+03  9.8273104053e-01  -2.8117363172e-02  9.8270862921e-01  2.8120096384e-02
1.860362e+03  9.8438502518e-01  -2.7078388703e-02  9.8436303791e-01  2.7081268099e-02
1.881033e+03  9.8597754913e-01  -2.5942356304e-02  9.8595606632e-01  2.5945392411e-02
1.901703e+03  9.8750278650e-01  -2.4712701468e-02  9.8748188935e-01  2.4715903917e-02
1.922374e+03  9.8895509066e-01  -2.3393215582e-02  9.8893486070e-01  2.3396592901e-02
1.943045e+03  9.9032901715e-01  -2.1988038426e-02  9.9030953574e-01  2.1991597833e-02
1.963715e+03  9.9161934643e-01  -2.0501649106e-02  9.9160069429e-01  2.0505396326e-02
1.984386e+03  9.9282110646e-01  -1.8938855399e-02  9.9280336313e-01  1.8942794492e-02
2.005057e+03  9.9392959491e-01  -1.7304781493e-02  9.9391283816e-01  1.7308914711e-02
2.025727e+03  9.9494040080e-01  -1.5604854107e-02  9.9492470613e-01  1.5609181774e-02
2.046398e+03  9.9584942564e-01  -1.3844787001e-02  9.9583486566e-01  1.3849307427e-02
2.067069e+03  9.9665290369e-01  -1.2030563889e-02  9.9663954763e-01  1.2035273310e-02
2.087739e+03  9.9734742147e-01  -1.0168419773e-02  9.9733533461e-01  1.0173312329e-02
2.108410e+03  9.9792993617e-01  -8.2648207480e-03  9.9791917934e-01  8.2698884868e-03
2.129081e+03  9.9839779292e-01  -6.3264423160e-03  9.9838842200e-01  6.3316752276e-03
2.149751e+03  9.9874874083e-01  -4.3601462732e-03  9.9874080631e-01  4.3655323544e-03
2.170422e+03  9.9898094758e-01  -2.3729562485e-03  9.9897449412e-01  2.3784815895e-03
2.191093e+03  9.9909301247e-01  -3.7203197364e-04  9.9908807857e-01  3.7768086638e-04
2.211764e+03  9.9908397788e-01  1.6353576144e-03  9.9908059553e-01  -1.6296025502e-03
2.232434e+03  9.9895333894e-01  3.6418623309e-03  9.9895153331e-01  -3.6360200077e-03
2.253105e+03  9.9870105130e-01  5.6400796387e-03  9.9870084054e-01  -5.6341703508e-03
2.273776e+03  9.9832753700e-01  7.6225843524e-03  9.9832893204e-01  -7.6166296176e-03
2.294446e+03  9.9783368825e-01  9.5819590077e-03  9.9783669266e-01  -9.5759814043e-03
2.315117e+03  9.9722086916e-01  1.1510824747e-02  9.9722547904e-01  -1.1504847749e-02
2.335788e+03  9.9649091518e-01  1.3401872565e-02  9.9649711913e-01  -1.3395920371e-02
2.356458e+03  9.9564613041e-01  1.5247894737e-02  9.9565390948e-01  -1.5241992108e-02
2.377129e+03  9.9468928259e-01  1.7041816278e-02  9.9469861035e-01  -1.7035988370e-02
2.397800e+03  9.9362359586e-01  1.8776726233e-02  9.9363443840e-01  -1.8770998431e-02
2.418470e+03  9.9245274115e-01  2.0445908637e-02  9.9246505720e-01  -2.0440306391e-02
2.439141e+03  9.9118082435e-01  2.2042872944e-02  9.9119456539e-01  -2.2037421607e-02
2.459812e+03  9.8981237221e-01  2.3561383762e-02  9.8982748259e-01  -2.3556108430e-02
2.480482e+03  9.8835231602e-01  2.4995489691e-02  9.8836873313e-01  -2.4990415039e-02
2.501153e+03  9.8680597310e-01  2.6339551100e-02  9.8682362758e-01  -2.6334701221e-02
2.521824e+03  9.8517902627e-01  2.7588266660e-02  9.8519784224e-01  -2.7583664900e-02
2.542495e+03  9.8347750128e-01  2.8736698453e-02  9.8349739659e-01  -2.8732367251e-02
2.563165e+03  9.8170774232e-01  2.9780295517e-02  9.8172862889e-01  -2.9776256243e-02
2.583836e+03  9.7987638585e-01  3.0714915650e-02  9.7989817003e-01  -3.0711188440e-02
2.604507e+03  9.7799033274e-01  3.1536845334e-02  9.7801291568e-01  -3.1533448934e-02
2.625177e+03  9.7605671893e-01  3.2242817652e-02  9.7607999704e-01  -3.2239769264e-02
2.645848e+03  9.7408288476e-01  3.2830028078e-02  9.7410675022e-01  -3.2827343207e-02
2.666519e+03  9.7207634321e-01  3.3296148016e-02  9.7210068445e-01  -3.3293840327e-02
2.687189e+03  9.7004474707e-01  3.3639336019e-02  9.7006944939e-01  -3.3637417205e-02
2.707860e+03  9.6799585535e-01  3.3858246599e-02  9.6802080156e-01  -3.3856726254e-02
2.728531e+03  9.6593749918e-01  3.3952036569e-02  9.6596257024e-01  -3.3950922077e-02
2.749201e+03  9.6387754721e-01  3.3920368877e-02  9.6390262294e-01  -3.3919665314e-02
2.769872e+03  9.6182387086e-01  3.3763413911e-02  9.6184883074e-01  -3.3763123961e-02
2.790543e+03  9.5978430963e-01  3.3481848254e-02  9.5980903355e-01  -3.3481972147e-02
2.811213e+03  9.5776663661e-01  3.3076850915e-02  9.5779100564e-01  -3.3077386385e-02
2.831884e+03  9.5577852438e-01  3.2550097065e-02  9.5580242161e-01  -3.2551039319e-02
2.852555e+03  9.5382751163e-01  3.1903749301e-02  9.5385082290e-01  -3.1905091025e-02
2.873226e+03  9.5192097050e-01  3.1140446542e-02  9.5194358522e-01  -3.1142177913e-02
2.893896e+03  9.5006607504e-01  3.0263290592e-02  9.5008788685e-01  -3.0265399325e-02
2.914567e+03  9.4826977072e-01  2.9275830508e-02  9.4829067819e-01  -2.9278301916e-02
2.935238e+03  9.4653874542e-01  2.8182044851e-02  9.4655865268e-01  -2.8184861932e-02
2.955908e+03  9.4487940183e-01  2.6986321973e-02  9.4489821911e-01  -2.6989465512e-02
2.976579e+03  9.4329783155e-01  2.5693438453e-02  9.4331547569e-01  -2.5696887144e-02
2.997250e+03  9.4179979094e-01  2.4308535852e-02  9.4181618584e-01  -2.4312266438e-02
3.017920e+03  9.4039067887e-01  2.2837095935e-02  9.4040575583e-01  -2.2841083358e-02
3.038591e+03  9.3907551644e-01  2.1284914526e-02  9.3908921451e-01  -2.1289132098e-02
3.059262e+03  9.3785892884e-01  1.9658074183e-02  9.3787119501e-01  -1.9662493757e-02
3.079932e+03  9.3674512921e-01  1.7962915849e-02  9.3675591861e-01  -1.7967508008e-02
3.100603e+03  9.3573790487e-01  1.6206009685e-02  9.3574718084e-01  -1.6210743933e-02
3.121274e+03  9.3484060558e-01  1.4394125245e-02  9.3484833977e-01  -1.4398970202e-02
3.141944e+03  9.3405613417e-01  1.2534201186e-02  9.3406230646e-01  -1.2539124792e-02
3.162615e+03  9.3338693933e-01  1.0633314688e-02  9.3339153778e-01  -1.0638284402e-02
3.183286e+03  9.3283501065e-01  8.6986507516e-03  9.3283803136e-01  -8.7036337561e-03
3.203957e+03  9.3240187580e-01  6.7374715511e-03  9.3240332273e-01  -6.7424349533e-03
3.224627e+03  9.3208859993e-01  4.7570859936e-03  9.3208848465e-01  -4.7619970257e-03
3.245298e+03  9.3189578708e-01  2.7648196442e-03  9.3189412846e-01  -2.7696458594e-03
3.265969e+03  9.3182358366e-01  7.6798515739e-04  9.3182040758e-01  -7.7269462251e-04
3.286639e+03  9.3187168387e-01  -1.2261466475e-03  9.3186702280e-01  1.2215851656e-03
3.307310e+03  9.3203933698e-01  -3.2103749412e-03  9.3203322960e-01  3.2059917956e-03
3.327981e+03  9.3232535643e-01  -5.1775961520e-03  9.3231784714e-01  5.1734206430e-03
3.348651e+03  9.3272813055e-01  -7.1208302371e-03  9.3271926900e-01  7.1168904481e-03
3.369322e+03  9.3324563493e-01  -9.0332458573e-03  9.3323547552e-01  9.0295684997e-03
3.389993e+03  9.3387544629e-01  -1.0908184363e-02  9.3386404758e-01  1.0904794631e-02
3.410663e+03  9.3461475762e-01  -1.2739182505e-02  9.3460218182e-01  1.2736103941e-02
3.431334e+03  9.3546039474e-01  -1.4519993800e-02  9.3544670708e-01  1.4517248169e-02
3.452005e+03  9.3640883389e-01  -1.6244608466e-02  9.3639410206e-01  1.6242215649e-02
3.472675e+03  9.3745622040e-01  -1.7907271887e-02  9.3744051394e-01  1.7905249781e-02
3.493346e+03  9.3859838827e-01  -1.9502501540e-02  9.3858177798e-01  1.9500865974e-02
3.514017e+03  9.3983088055e-01  -2.1025102336e-02  9.3981343788e-01  2.1023867003e-02
3.534688e+03  9.4114897024e-01  -2.2470180351e-02  9.4113076678e-01  2.2469356760e-02
3.555358e+03  9.4254768191e-01  -2.3833154922e-02  9.4252878879e-01  2.3832752362e-02
3.576029e+03  9.4402181346e-01  -2.5109769086e-02  9.4400230090e-01  2.5109794615e-02
3.596700e+03  9.4556595832e-01  -2.6296098367e-02  9.4554589512e-01  2.6296556818e-02
3.617370e+03  9.4717452754e-01  -2.7388557931e-02  9.4715398073e-01  2.7389451944e-02
3.638041e+03  9.4884177196e-01  -2.8383908137e-02  9.4882080644e-01  2.8385238209e-02
3.658712e+03  9.5056180413e-01  -2.9279258518e-02  9.5054048238e-01  2.9281023078e-02
3.679382e+03  9.5232861992e-01  -3.0072070270e-02  9.5230700182e-01  3.0074265778e-02
3.700053e+03  9.5413611964e-01  -3.0760157327e-02  9.5411426231e-01  3.0762778383e-02
3.720724e+03  9.5597812864e-01  -3.1341686091e-02  9.5595608644e-01  3.1344725579e-02
3.741394e+03  9.5784841723e-01  -3.1815173961e-02  9.5782624172e-01  3.1818623191e-02
3.762065e+03  9.5974071983e-01  -3.2179486747e-02  9.5971845987e-01  3.2183335625e-02
3.782736e+03  9.6164875329e-01  -3.2433835131e-02  9.6162645520e-01  3.2438072330e-02
3.803406e+03  9.6356623437e-01  -3.2577770280e-02  9.6354394208e-01  3.2582383424e-02
3.824077e+03  9.6548689626e-01  -3.2611178795e-02  9.6546465161e-01  3.2616154639e-02
3.844748e+03  9.6740450425e-01  -3.2534277095e-02  9.6738234723e-01  3.2539601715e-02
3.865419e+03  9.6931287044e-01  -3.2347605429e-02  9.6929083957e-01  3.2353264399e-02
3.886089e+03  9.7120586764e-01  -3.2052021600e-02  9.7118400028e-01  3.2058000167e-02
3.906760e+03  9.7307744244e-01  -3.1648694580e-02  9.7305577522e-01  3.1654977823e-02
3.927431e+03  9.7492162762e-01  -3.1139098076e-02  9.7490019680e-01  3.1145671059e-02
3.948101e+03  9.7673255391e-01  -3.0525004190e-02  9.7671139575e-01  3.0531852084e-02
3.968772e+03  9.7850446124e-01  -2.9808477209e-02  9.7848361237e-01  2.9815585409e-02
3.989443e+03  9.8023170962e-01  -2.8991867599e-02  9.8021120738e-01  2.8999221809e-02
4.010113e+03  9.8190878980e-01  -2.8077806219e-02  9.8188867254e-01  2.8085392521e-02
4.030784e+03  9.8353033374e-01  -2.7069198763e-02  9.8351064110e-01  2.7077003661e-02
4.051455e+03  9.8509112522e-01  -2.5969220392e-02  9.8507189830e-01  2.5977230835e-02
4.072125e+03  9.8658611040e-01  -2.4781310519e-02  9.8656739198e-01  2.4789513901e-02
4.092796e+03  9.8801040883e-01  -2.3509167655e-02  9.8799224347e-01  2.3517551798e-02
4.113467e+03  9.8935932466e-01  -2.2156744231e-02  9.8934175874e-01  2.2165297345e-02
4.134137e+03  9.9062835840e-01  -2.0728241263e-02  9.9061144013e-01  2.0736951891e-02
4.154808e+03  9.9181321905e-01  -1.9228102732e-02  9.9179699842e-01  1.9236959682e-02
4.175479e+03  9.9290983685e-01  -1.7661009524e-02  9.9289436549e-01  1.7670001783e-02
4.196150e+03  9.9391437652e-01  -1.6031872779e-02  9.9389970751e-01  1.6040989423e-02
4.216820e+03  9.9482325099e-01  -1.4345826475e-02  9.9480943861e-01  1.4355056564e-02
4.237491e+03  9.9563313560e-01  -1.2608219100e-02  9.9562023500e-01  1.2617551573e-02
4.258162e+03  9.9634098262e-01  -1.0824604245e-02  9.9632904946e-01  1.0834027813e-02
4.278832e+03  9.9694403609e-01  -9.0007299814e-03  9.9693312611e-01  9.0102330185e-03
4.299503e+03  9.9743984668e-01  -7.1425268909e-03  9.9743001524e-01  7.1520973291e-03
4.320174e+03  9.9782628661e-01  -5.2560946395e-03  9.9781758814e-01  5.2657198706e-03
4.340844e+03  9.9810156420e-01  -3.3476870087e-03  9.9809405171e-01  3.3573537934e-03
4.361515e+03  9.9826423816e-01  -1.4236953261e-03  9.9825796266e-01  1.4333897126e-03
4.382186e+03  9.9831323108e-01  5.0936973740e-04  9.9830824099e-01  -4.9966248320e-04
4.402856e+03  9.9824784219e-01  2.4448980014e-03  9.9824418275e-01  -2.4351934530e-03
4.423527e+03  9.9806775897e-01  4.3762012109e-03  9.9806547166e-01  -4.3665158240e-03
4.444198e+03  9.9777306747e-01  6.2965360069e-03  9.9777218938e-01  -6.2868871473e-03
4.464868e+03  9.9736426114e-01  8.1991283379e-03  9.9736482444e-01  -8.1895342936e-03
4.485539e+03  9.9684224794e-01  1.0077199186e-02  9.9684427927e-01  -1.0067679163e-02
4.506210e+03  9.9620835556e-01  1.1923991453e-02  9.9621187549e-01  -1.1914565553e-02
4.526881e+03  9.9546433449e-01  1.3732797827e-02  9.9546935705e-01  -1.3723487012e-02
4.547551e+03  9.9461235903e-01  1.5496989422e-02  9.9461889119e-01  -1.5487815456e-02
4.568222e+03  9.9365502581e-01  1.7210044976e-02  9.9366306709e-01  -1.7201030358e-02
4.588893e+03  9.9259534996e-01  1.8865580361e-02  9.9260489208e-01  -1.8856748233e-02
4.609563e+03  9.9143675882e-01  2.0457378158e-02  9.9144778539e-01  -2.0448752205e-02
4.630234e+03  9.9018308309e-01  2.1979417043e-02  9.9019556939e-01  -2.1971021375e-02
4.650905e+03  9.8883854551e-01  2.3425900723e-02  9.8885245837e-01  -2.3417759743e-02
4.671575e+03  9.8740774700e-01  2.4791286162e-02  9.8742304479e-01  -2.4783424429e-02
4.692246e+03  9.8589565055e-01  2.6070310853e-02  9.8591228318e-01  -2.6062752926e-02
4.712917e+03  9.8430756264e-01  2.7258018887e-02  9.8432547171e-01  -2.7250789172e-02
4.733587e+03  9.8264911256e-01  2.8349785600e-02  9.8266823165e-01  -2.8342908187e-02
4.754258e+03  9.8092622975e-01  2.9341340585e-02  9.8094648466e-01  -2.9334839080e-02
4.774929e+03  9.7914511916e-01  3.0228788874e-02  9.7916642839e-01  -3.0222686236e-02
4.795599e+03  9.7731223508e-01  3.1008630133e-02  9.7733451025e-01  -3.1002948512e-02
4.816270e+03  9.7543425340e-01  3.1677775727e-02  9.7545739986e-01  -3.1672536297e-02
4.836941e+03  9.7351804273e-01  3.2233563525e-02  9.7354196010e-01  -3.2228786333e-02
4.857612e+03  9.7157063440e-01  3.2673770369e-02  9.7159521727e-01  -3.2669474182e-02
4.878282e+03  9.6959919179e-01  3.2996622145e-02  9.6962433041e-01  -3.2992824306e-02
4.898953e+03  9.6761097902e-01  3.3200801404e-02  9.6763655998e-01  -3.3197517693e-02
4.919624e+03  9.6561332937e-01  3.3285452538e-02  9.6563923637e-01  -3.3282697045e-02
4.940294e+03  9.6361361363e-01  3.3250184523e-02  9.6363972818e-01  -3.3247969524e-02
4.960965e+03  9.6161920846e-01  3.3095071259e-02  9.6164541062e-01  -3.3093407099e-02
4.981636e+03  9.5963746523e-01  3.2820649572e-02  9.5966363433e-01  -3.2819544558e-02
5.002306e+03  9.5767567924e-01  3.2427914961e-02  9.5770169458e-01  -3.2427375264e-02
5.022977e+03  9.5574105973e-01  3.1918315175e-02  9.5576680127e-01  -3.1918344737e-02
5.043648e+03  9.5384070074e-01  3.1293741739e-02  9.5386604971e-01  -3.1294342193e-02
5.064318e+03  9.5198155291e-01  3.0556519552e-02  9.5200639245e-01  -3.0557690151e-02
5.084989e+03  9.5017039647e-01  2.9709394685e-02  9.5019461220e-01  -2.9711132241e-02
5.105660e+03  9.4841381547e-01  2.8755520519e-02  9.4843729602e-01  -2.8757819353e-02
5.126330e+03  9.4671817333e-01  2.7698442366e-02  9.4674081078e-01  -2.7701294271e-02
5.147001e+03  9.4508958973e-01  2.6542080724e-02  9.4511128009e-01  -2.6545474939e-02
5.167672e+03  9.4353391901e-01  2.5290713298e-02  9.4355456263e-01  -2.5294636494e-02
5.188343e+03  9.4205673005e-01  2.3948955943e-02  9.4207623199e-01  -2.3953392223e-02
5.209013e+03  9.4066328767e-01  2.2521742660e-02  9.4068155800e-01  -2.2526673564e-02
5.229684e+03  9.3935853549e-01  2.1014304767e-02  9.3937548967e-01  -2.1019709297e-02
5.250355e+03  9.3814708038e-01  1.9432149391e-02  9.3816263951e-01  -1.9438004043e-02
5.271025e+03  9.3703317842e-01  1.7781037376e-02  9.3704726955e-01  -1.7787316180e-02
5.291696e+03  9.3602072233e-01  1.6066960727e-02  9.3603327866e-01  -1.6073635302e-02
5.312367e+03  9.3511323035e-01  1.4296119680e-02  9.3512419150e-01  -1.4303159295e-02
5.333037e+03  9.3431383660e-01  1.2474899489e-02  9.3432314878e-01  -1.2482271141e-02
5.353708e+03  9.3362528281e-01  1.0609847012e-02  9.3363289906e-01  -1.0617515504e-02
5.374379e+03  9.3304991141e-01  8.7076471569e-03  9.3305579173e-01  -8.7155751944e-03
5.395049e+03  9.3258965994e-01  6.7750992527e-03  9.3259377152e-01  -6.7832475518e-03
5.415720e+03  9.3224605680e-01  4.8190934039e-03  9.3224837411e-01  -4.8274208081e-03
5.436391e+03  9.3202021817e-01  2.8465868642e-03  9.3202072318e-01  -2.8550504787e-03
5.457061e+03  9.3191284624e-01  8.6458047792e-04  9.3191152852e-01  -8.7313581927e-04
5.477732e+03  9.3192422857e-01  -1.1199047777e-03  9.3192108546e-01  1.1113036142e-03
5.498403e+03  9.3205423873e-01  -3.0998511161e-03  9.3204927538e-01  3.0912512702e-03
5.519074e+03  9.3230233797e-01  -5.0682670997e-03  9.3229556749e-01  5.0597167401e-03
5.539744e+03  9.3266757814e-01  -7.0182106043e-03  9.3265902162e-01  7.0097587018e-03
5.560415e+03  9.3314860571e-01  -8.9428115584e-03  9.3313829223e-01  8.9345076393e-03
5.581086e+03  9.3374366690e-01  -1.0835294428e-02  9.3373163348e-01  1.0827188308e-02
5.601756e+03  9.3445061394e-01  -1.2689000413e-02  9.3443690548e-01  1.2681141912e-02
5.622427e+03  9.3526691246e-01  -1.4497409318e-02  9.3525158162e-01  1.4489847963e-02
5.643098e+03  9.3618964998e-01  -1.6254161065e-02  9.3617275699e-01  1.6246945773e-02
5.663768e+03  9.3721554553e-01  -1.7953076792e-02  9.3719715793e-01  1.7946255549e-02
5.684439e+03  9.3834096039e-01  -1.9588179504e-02  9.3832115276e-01  1.9581799037e-02
5.705110e+03  9.3956190991e-01  -2.1153714211e-02  9.3954076353e-01  2.1147819656e-02
5.725780e+03  9.4087407651e-01  -2.2644167509e-02  9.4085167893e-01  2.2638802087e-02
5.746451e+03  9.4227282372e-01  -2.4054286530e-02  9.4224926831e-01  2.4049491227e-02
5.767122e+03  9.4375321136e-01  -2.5379097206e-02  9.4372859678e-01  2.5374910468e-02
5.787792e+03  9.4531001180e-01  -2.6613921769e-02  9.4528444142e-01  2.6610379219e-02
5.808463e+03  9.4693772722e-01  -2.7754395426e-02  9.4691130851e-01  2.7751529603e-02
5.829134e+03  9.4863060795e-01  -2.8796482124e-02  9.4860345186e-01  2.8794322251e-02
5.849805e+03  9.5038267184e-01  -2.9736489341e-02  9.5035489205e-01  2.9735061123e-02
5.870475e+03  9.5218772444e-01  -3.0571081813e-02  9.5215943670e-01  3.0570407278e-02
5.891146e+03  9.5403938025e-01  -3.1297294140e-02  9.5401070163e-01  3.1297391509e-02
5.911817e+03  9.5593108468e-01  -3.1912542179e-02  9.5590213287e-01  3.1913425786e-02
5.932487e+03  9.5785613682e-01  -3.2414633171e-02  9.5782702943e-01  3.2416313416e-02
5.953158e+03  9.5980771296e-01  -3.2801774515e-02  9.5977856681e-01  3.2804257866e-02
5.973829e+03  9.6177889063e-01  -3.3072581150e-02  9.6174982116e-01  3.3075870175e-02
5.994499e+03  9.6376267327e-01  -3.3226081462e-02  9.6373379388e-01  3.3230174907e-02
6.015170e+03  9.6575201526e-01  -3.3261721694e-02  9.6572343680e-01  3.3266614586e-02
6.035841e+03  9.6773984734e-01  -3.3179368788e-02  9.6771167757e-01  3.3185052575e-02
6.056511e+03  9.6971910224e-01  -3.2979311642e-02  9.6969144542e-01  3.2985774356e-02
6.077182e+03  9.7168274043e-01  -3.2662260762e-02  9.7165569686e-01  3.2669487197e-02
6.097853e+03  9.7362377587e-01  -3.2229346264e-02  9.7359744160e-01  3.2237318179e-02
6.118523e+03  9.7553530167e-01  -3.1682114256e-02  9.7550976816e-01  3.1690810584e-02
6.139194e+03  9.7741051548e-01  -3.1022521579e-02  9.7738586938e-01  3.1031918640e-02
6.159865e+03  9.7924274464e-01  -3.0252928932e-02  9.7921906757e-01  3.0263000648e-02
6.180535e+03  9.8102547075e-01  -2.9376092399e-02  9.8100283910e-01  2.9386810510e-02
6.201206e+03  9.8275235370e-01  -2.8395153423e-02  9.8273083853e-01  2.8406487693e-02
6.221877e+03  9.8441725510e-01  -2.7313627258e-02  9.8439692198e-01  2.7325545677e-02
6.242548e+03  9.8601426082e-01  -2.6135389964e-02  9.8599516974e-01  2.6147858937e-02
6.263218e+03  9.8753770265e-01  -2.4864663995e-02  9.8751990796e-01  2.4877648523e-02
6.283889e+03  9.8898217904e-01  -2.3506002463e-02  9.8896572937e-01  2.3519466315e-02
6.304560e+03  9.9034257468e-01  -2.2064272139e-02  9.9032751293e-01  2.2078178010e-02
6.325230e+03  9.9161407901e-01  -2.0544635282e-02  9.9160044232e-01  2.0558944948e-02
6.345901e+03  9.9279220342e-01  -1.8952530383e-02  9.9278002320e-01  1.8967204841e-02
6.366572e+03  9.9387279725e-01  -1.7293651908e-02  9.9386209920e-01  1.7308651514e-02
6.387242e+03  9.9485206239e-01  -1.5573929135e-02  9.9484286656e-01  1.5589213733e-02
6.407913e+03  9.9572656651e-01  -1.3799504190e-02  9.9571888736e-01  1.3815033238e-02
6.428584e+03  9.9649325483e-01  -1.1976709364e-02  9.9648710139e-01  1.1992442055e-02
6.449254e+03  9.9714946054e-01  -1.0112043819e-02  9.9714483645e-01  1.0127939197e-02
6.469925e+03  9.9769291353e-01  -8.2121497838e-03  9.9768981726e-01  8.2281668627e-03
6.490596e+03  9.9812174783e-01  -6.2837883249e-03  9.9812017280e-01  6.2998862023e-03
6.511266e+03  9.9843450738e-01  -4.3338148075e-03  9.9843444220e-01  4.3499527813e-03
6.531937e+03  9.9863015031e-01  -2.3691541317e-03  9.9863157899e-01  2.3852918150e-03
6.552608e+03  9.9870805176e-01  -3.9677584479e-04  9.9871095396e-01  4.1287328235e-04
6.573279e+03  9.9866800513e-01  1.5763307750e-03  9.9867235643e-01  -1.5603129913e-03
6.593949e+03  9.9851022184e-01  3.5431815740e-03  9.9851599405e-01  -3.5272821902e-03
6.614620e+03  9.9823532962e-01  5.4968222246e-03  9.9824249107e-01  -5.4810792119e-03
6.635291e+03  9.9784436941e-01  7.4303526895e-03  9.9785288522e-01  -7.4148031339e-03
6.655961e+03  9.9733879075e-01  9.3369513623e-03  9.9734862313e-01  -9.3216313590e-03
6.676632e+03  9.9672044583e-01  1.1209898808e-02  9.9673155437e-01  -1.1194843361e-02
6.697303e+03  9.9599158224e-01  1.3042601027e-02  9.9600392410e-01  -1.3027843956e-02
6.717973e+03  9.9515483431e-01  1.4828612175e-02  9.9516836452e-01  -1.4814186028e-02
6.738644e+03  9.9421321331e-01  1.6561656673e-02  9.9422788491e-01  -1.6547592650e-02
6.759315e+03  9.9317009638e-01  1.8235650643e-02  9.9318586057e-01  -1.8221978529e-02
6.779985e+03  9.9202921426e-01  1.9844722630e-02  9.9204602059e-01  -1.9831470735e-02
6.800656e+03  9.9079463803e-01  2.1383233537e-02  9.9081243443e-01  -2.1370428649e-02
6.821327e+03  9.8947076465e-01  2.2845795755e-02  9.8948949755e-01  -2.2833463107e-02
6.841997e+03  9.8806230159e-01  2.4227291427e-02  9.8808191590e-01  -2.4215454664e-02
6.862668e+03  9.8657425044e-01  2.5522889811e-02  9.8659468957e-01  -2.5511570980e-02
6.883339e+03  9.8501188963e-01  2.6728063720e-02  9.8503309546e-01  -2.6717283258e-02
6.904010e+03  9.8338075622e-01  2.7838604984e-02  9.8340266903e-01  -2.7828381722e-02
6.924680e+03  9.8168662692e-01  2.8850638915e-02  9.8170918534e-01  -2.8840990083e-02
6.945351e+03  9.7993549822e-01  2.9760637737e-02  9.7995863914e-01  -2.9751578972e-02
6.966022e+03  9.7813356586e-01  3.0565432928e-02  9.7815722438e-01  -3.0556978295e-02
6.986692e+03  9.7628720353e-01  3.1262226464e-02  9.7631131283e-01  -3.1254388466e-02
7.007363e+03  9.7440294083e-01  3.1848600893e-02  9.7442743220e-01  -3.1841390486e-02
7.028034e+03  9.7248744075e-01  3.2322528212e-02  9.7251224351e-01  -3.2315954820e-02
7.048704e+03  9.7054747641e-01  3.2682377491e-02  9.7057251791e-01  -3.2676449013e-02
7.069375e+03  9.6858990741e-01  3.2926921193e-02  9.6861511305e-01  -3.2921644010e-02
7.090046e+03  9.6662165559e-01  3.3055340150e-02  9.6664694890e-01  -3.3050719123e-02
7.110716e+03  9.6464968051e-01  3.3067227116e-02  9.6467498322e-01  -3.3063265581e-02
7.131387e+03  9.6268095453e-01  3.2962588883e-02  9.6270618670e-01  -3.2959288638e-02
7.152058e+03  9.6072243772e-01  3.2741846871e-02  9.6074751788e-01  -3.2739208163e-02
7.172728e+03  9.5878105260e-01  3.2405836192e-02  9.5880589794e-01  -3.2403857692e-02
7.193399e+03  9.5686365888e-01  3.1955803113e-02  9.5688818547e-01  -3.1954481890e-02
7.214070e+03  9.5497702829e-01  3.1393400916e-02  9.5500115126e-01  -3.1392732413e-02
7.234741e+03  9.5312781955e-01  3.0720684131e-02  9.5315145340e-01  -3.0720662130e-02
7.255411e+03  9.5132255377e-01  2.9940101135e-02  9.5134561263e-01  -2.9940717725e-02
7.276082e+03  9.4956759026e-01  2.9054485130e-02  9.4958998816e-01  -2.9055730675e-02
7.296753e+03  9.4786910288e-01  2.8067043520e-02  9.4789075414e-01  -2.8068906627e-02
7.317423e+03  9.4623305726e-01  2.6981345732e-02  9.4625387677e-01  -2.6983813220e-02
7.338094e+03  9.4466518870e-01  2.5801309531e-02  9.4468509229e-01  -2.5804366402e-02
7.358765e+03  9.4317098119e-01  2.4531185891e-02  9.4318988602e-01  -2.4534815309e-02
7.379435e+03  9.4175564742e-01  2.3175542525e-02  9.4177347234e-01  -2.3179725789e-02
7.400106e+03  9.4042411006e-01  2.1739246144e-02  9.4044077600e-01  -2.1743962675e-02
7.420777e+03  9.3918098427e-01  2.0227443568e-02  9.3919641466e-01  -2.0232670894e-02
