0.50000000  2.000000000000
0.57647059  1.734693877551
0.65294118  1.531531531532
0.72941176  1.370967741935
0.80588235  1.240875912409
0.88235294  1.133333333333
0.95882353  1.042944785276
1.03529412  0.965909090909
1.11176471  0.899470899471
1.18823529  0.841584158416
1.26470588  0.790697674419
1.34117647  0.745614035088
1.41764706  0.705394190871
1.49411765  0.669291338583
1.57058824  0.636704119850
1.64705882  0.607142857143
1.72352941  0.580204778157
1.80000000  0.555555555556
1.87647059  0.532915360502
1.95294118  0.512048192771
2.02941176  0.492753623188
2.10588235  0.474860335196
2.18235294  0.458221024259
2.25882353  0.442708333333
2.33529412  0.428211586902
2.41176471  0.414634146341
2.48823529  0.401891252955
2.56470588  0.389908256881
2.64117647  0.378619153675
2.71764706  0.367965367965
2.79411765  0.357894736842
2.87058824  0.348360655738
2.94705882  0.339321357285
3.02352941  0.330739299611
3.10000000  0.322580645161
3.17647059  0.314814814815
3.25294118  0.307414104882
3.32941176  0.300353356890
3.40588235  0.293609671848
3.48235294  0.287162162162
3.55882353  0.280991735537
3.63529412  0.275080906149
3.71176471  0.269413629160
3.78823529  0.263975155280
3.86470588  0.258751902588
3.94117647  0.253731343284
4.01764706  0.248901903367
4.09411765  0.244252873563
4.17058824  0.239774330042
4.24705882  0.235457063712
4.32352941  0.231292517007
4.40000000  0.227272727273
4.47647059  0.223390275953
4.55294118  0.219638242894
4.62941176  0.216010165184
4.70588235  0.212500000000
4.78235294  0.209102091021
4.85882353  0.205811138015
4.93529412  0.202622169249
5.01176471  0.199530516432
5.08823529  0.196531791908
5.16470588  0.193621867882
5.24117647  0.190796857464
5.31764706  0.188053097345
5.39411765  0.185387131952
5.47058824  0.182795698925
5.54705882  0.180275715801
5.62352941  0.177824267782
5.70000000  0.175438596491
5.77647059  0.173116089613
5.85294118  0.170854271357
5.92941176  0.168650793651
6.00588235  0.166503428012
6.08235294  0.164410058027
6.15882353  0.162368672397
6.23529412  0.160377358491
6.31176471  0.158434296365
6.38823529  0.156537753223
6.46470588  0.154686078253
6.54117647  0.152877697842
6.61764706  0.151111111111
6.69411765  0.149384885764
6.77058824  0.147697654214
6.84705882  0.146048109966
6.92352941  0.144435004248
7.00000000  0.142857142857
7.07647059  0.141313383209
7.15294118  0.139802631579
7.22941176  0.138323840521
7.30588235  0.136876006441
7.38235294  0.135458167331
7.45882353  0.134069400631
7.53529412  0.132708821233
7.61176471  0.131375579598
7.68823529  0.130068859985
7.76470588  0.128787878788
7.84117647  0.127531882971
7.91764706  0.126300148588
7.99411765  0.125091979397
8.07058824  0.123906705539
8.14705882  0.122743682310
8.22352941  0.121602288984
8.30000000  0.120481927711
8.37647059  0.119382022472
8.45294118  0.118302018093
8.52941176  0.117241379310
8.60588235  0.116199589884
8.68235294  0.115176151762
8.75882353  0.114170584285
8.83529412  0.113182423435
8.91176471  0.112211221122
8.98823529  0.111256544503
9.06470588  0.110317975341
9.14117647  0.109395109395
9.21764706  0.108487555839
9.29411765  0.107594936709
9.37058824  0.106716886378
9.44705882  0.105853051059
9.52352941  0.105003088326
9.60000000  0.104166666667
9.67647059  0.103343465046
9.75294118  0.102533172497
9.82941176  0.101735487732
9.90588235  0.100950118765
9.98235294  0.100176782557
10.05882353  0.099415204678
10.13529412  0.098665118979
10.21176471  0.097926267281
10.28823529  0.097198399085
10.36470588  0.096481271283
10.44117647  0.095774647887
10.51764706  0.095078299776
10.59411765  0.094392004442
10.67058824  0.093715545755
10.74705882  0.093048713738
10.82352941  0.092391304348
10.90000000  0.091743119266
10.97647059  0.091103965702
11.05294118  0.090473656200
11.12941176  0.089852008457
11.20588235  0.089238845144
11.28235294  0.088633993743
11.35882353  0.088037286380
11.43529412  0.087448559671
11.51176471  0.086867654573
11.58823529  0.086294416244
11.66470588  0.085728693898
11.74117647  0.085170340681
11.81764706  0.084619213539
11.89411765  0.084075173096
11.97058824  0.083538083538
12.04705882  0.083007812500
12.12352941  0.082484230956
12.20000000  0.081967213115
12.27647059  0.081456636320
12.35294118  0.080952380952
12.42941176  0.080454330336
12.50588235  0.079962370649
12.58235294  0.079476390837
12.65882353  0.078996282528
12.73529412  0.078521939954
12.81176471  0.078053259871
12.88823529  0.077590141488
12.96470588  0.077132486388
13.04117647  0.076680198466
13.11764706  0.076233183857
13.19411765  0.075791350869
13.27058824  0.075354609929
13.34705882  0.074922873513
13.42352941  0.074496056091
13.50000000  0.074074074074
13.57647059  0.073656845754
13.65294118  0.073244291254
13.72941176  0.072836332476
13.80588235  0.072432893055
13.88235294  0.072033898305
13.95882353  0.071639275179
14.03529412  0.071248952221
14.11176471  0.070862859525
14.18823529  0.070480928690
14.26470588  0.070103092784
14.34117647  0.069729286300
14.41764706  0.069359445124
14.49411765  0.068993506494
14.57058824  0.068631408962
14.64705882  0.068273092369
14.72352941  0.067918497803
14.80000000  0.067567567568
14.87647059  0.067220245156
14.95294118  0.066876475216
15.02941176  0.066536203523
15.10588235  0.066199376947
15.18235294  0.065865943433
15.25882353  0.065535851966
15.33529412  0.065209052551
15.41176471  0.064885496183
15.48823529  0.064565134827
15.56470588  0.064247921391
15.64117647  0.063933809703
15.71764706  0.063622754491
15.79411765  0.063314711359
15.87058824  0.063009636768
15.94705882  0.062707488012
16.02352941  0.062408223201
16.10000000  0.062111801242
16.17647059  0.061818181818
16.25294118  0.061527325371
16.32941176  0.061239193084
16.40588235  0.060953746863
16.48235294  0.060670949322
16.55882353  0.060390763766
16.63529412  0.060113154173
16.71176471  0.059838085181
16.78823529  0.059565522074
16.86470588  0.059295430764
16.94117647  0.059027777778
17.01764706  0.058762530245
17.09411765  0.058499655884
17.17058824  0.058239122987
17.24705882  0.057980900409
17.32352941  0.057724957555
17.40000000  0.057471264368
17.47647059  0.057219791316
17.55294118  0.056970509383
17.62941176  0.056723390057
17.70588235  0.056478405316
17.78235294  0.056235527622
17.85882353  0.055994729908
17.93529412  0.055755985569
18.01176471  0.055519268452
18.08823529  0.055284552846
18.16470588  0.055051813472
18.24117647  0.054821025476
18.31764706  0.054592164419
18.39411765  0.054365206268
18.47058824  0.054140127389
18.54705882  0.053916904535
18.62352941  0.053695514845
18.70000000  0.053475935829
18.77647059  0.053258145363
18.85294118  0.053042121685
18.92941176  0.052827843381
19.00588235  0.052615289384
19.08235294  0.052404438964
19.15882353  0.052195271722
19.23529412  0.051987767584
19.31176471  0.051781906793
19.38823529  0.051577669903
19.46470588  0.051375037776
19.54117647  0.051173991571
19.61764706  0.050974512744
19.69411765  0.050776583035
19.77058824  0.050580184469
19.84705882  0.050385299348
19.92352941  0.050191910245
20.00000000  0.050000000000
