1  1  0.50000000  -1.725082885700
2  2  0.50000000  -1.725082885700
3  3  0.50000000  -0.427197688197
4  4  0.50000000  -0.427197688197
5  5  0.50000000  -0.439837287659
6  6  0.50000000  -0.439837287659
7  7  0.50000000  -0.439837287658
8  8  0.50000000  -0.439837287658
1  1  0.57647059  -1.676413210489
2  2  0.57647059  -1.676413210489
3  3  0.57647059  -0.435597903960
4  4  0.57647059  -0.435597903960
5  5  0.57647059  -0.439397814851
6  6  0.57647059  -0.439397814851
7  7  0.57647059  -0.439397814851
8  8  0.57647059  -0.439397814851
1  1  0.65294118  -1.629513691093
2  2  0.65294118  -1.629513691093
3  3  0.65294118  -0.445212634081
4  4  0.65294118  -0.445212634081
5  5  0.65294118  -0.438766346666
6  6  0.65294118  -0.438766346666
7  7  0.65294118  -0.438766329473
8  8  0.65294118  -0.438766329473
1  1  0.72941176  -1.584610968733
2  2  0.72941176  -1.584610968733
3  3  0.72941176  -0.456026114103
4  4  0.72941176  -0.456026114103
5  5  0.72941176  -0.437947079035
6  6  0.72941176  -0.437947079035
7  7  0.72941176  -0.437947079035
8  8  0.72941176  -0.437947079035
1  1  0.80588235  -1.541794312524
2  2  0.80588235  -1.541794312524
3  3  0.80588235  -0.467973010903
4  4  0.80588235  -0.467973010903
5  5  0.80588235  -0.436946698069
6  6  0.80588235  -0.436946698069
7  7  0.80588235  -0.436946698069
8  8  0.80588235  -0.436946698069
1  1  0.88235294  -1.501069572842
2  2  0.88235294  -1.501069572842
3  3  0.88235294  -0.480926612242
4  4  0.88235294  -0.480926612242
5  5  0.88235294  -0.435773276893
6  6  0.88235294  -0.435773276893
7  7  0.88235294  -0.435773276893
8  8  0.88235294  -0.435773276893
1  1  0.95882353  -1.462392210685
2  2  0.95882353  -1.462392210685
3  3  0.95882353  -0.494699196357
4  4  0.95882353  -0.494699196357
5  5  0.95882353  -0.434435918289
6  6  0.95882353  -0.434435918289
7  7  0.95882353  -0.434435918289
8  8  0.95882353  -0.434435918289
1  1  1.03529412  -1.425688592483
2  2  1.03529412  -1.425688592483
3  3  1.03529412  -0.509051607420
4  4  1.03529412  -0.509051607420
5  5  1.03529412  -0.432944671973
6  6  1.03529412  -0.432944671973
7  7  1.03529412  -0.432944671973
8  8  1.03529412  -0.432944671973
1  1  1.11176471  -1.390869623862
2  2  1.11176471  -1.390869623862
3  3  1.11176471  -0.523717232324
4  4  1.11176471  -0.523717232324
5  5  1.11176471  -0.431310504108
6  6  1.11176471  -0.431310504108
7  7  1.11176471  -0.431310504108
8  8  1.11176471  -0.431310504108
1  1  1.18823529  -1.357839495327
2  2  1.18823529  -1.357839495327
3  3  1.18823529  -0.538403929186
4  4  1.18823529  -0.538403929186
5  5  1.18823529  -0.429545064412
6  6  1.18823529  -0.429545064412
7  7  1.18823529  -0.429545064412
8  8  1.18823529  -0.429545064412
1  1  1.26470588  -1.326500653185
2  2  1.26470588  -1.326500653185
3  3  1.26470588  -0.552856832304
4  4  1.26470588  -0.552856832304
5  5  1.26470588  -0.427660416645
6  6  1.26470588  -0.427660416645
7  7  1.26470588  -0.427660416645
8  8  1.26470588  -0.427660416645
1  1  1.34117647  -1.296756678032
2  2  1.34117647  -1.296756678032
3  3  1.34117647  -0.566853688773
4  4  1.34117647  -0.566853688773
5  5  1.34117647  -0.425668672178
6  6  1.34117647  -0.425668672178
7  7  1.34117647  -0.425668672178
8  8  1.34117647  -0.425668672178
1  1  1.41764706  -1.268513780764
2  2  1.41764706  -1.268513780764
3  3  1.41764706  -0.580222399231
4  4  1.41764706  -0.580222399231
5  5  1.41764706  -0.423581776241
6  6  1.41764706  -0.423581776241
7  7  1.41764706  -0.423581776241
8  8  1.41764706  -0.423581776241
1  1  1.49411765  -1.241681753402
2  2  1.49411765  -1.241681753402
3  3  1.49411765  -0.592842800877
4  4  1.49411765  -0.592842800877
5  5  1.49411765  -0.421411330760
6  6  1.49411765  -0.421411330760
7  7  1.49411765  -0.421411330760
8  8  1.49411765  -0.421411330760
1  1  1.57058824  -1.216174593357
2  2  1.57058824  -1.216174593357
3  3  1.57058824  -0.604641727664
4  4  1.57058824  -0.604641727664
5  5  1.57058824  -0.419168415850
6  6  1.57058824  -0.419168415850
7  7  1.57058824  -0.419168415850
8  8  1.57058824  -0.419168415850
1  1  1.64705882  -1.191910884081
2  2  1.64705882  -1.191910884081
3  3  1.64705882  -0.615584450924
4  4  1.64705882  -0.615584450924
5  5  1.64705882  -0.416863400520
6  6  1.64705882  -0.416863400520
7  7  1.64705882  -0.416863400520
8  8  1.64705882  -0.416863400520
1  1  1.72352941  -1.168813975073
2  2  1.72352941  -1.168813975073
3  3  1.72352941  -0.625665326906
4  4  1.72352941  -0.625665326906
5  5  1.72352941  -0.414505763893
6  6  1.72352941  -0.414505763893
7  7  1.72352941  -0.414505763893
8  8  1.72352941  -0.414505763893
1  1  1.80000000  -1.146812047495
2  2  1.80000000  -1.146812047495
3  3  1.80000000  -0.634899337614
4  4  1.80000000  -0.634899337614
5  5  1.80000000  -0.412103969105
6  6  1.80000000  -0.412103969105
7  7  1.80000000  -0.412103969105
8  8  1.80000000  -0.412103969105
1  1  1.87647059  -1.125838079119
2  2  1.87647059  -1.125838079119
3  3  1.87647059  -0.643315199880
4  4  1.87647059  -0.643315199880
5  5  1.87647059  -0.409665420716
6  6  1.87647059  -0.409665420716
7  7  1.87647059  -0.409665420716
8  8  1.87647059  -0.409665420716
1  1  1.95294118  -1.105829695833
2  2  1.95294118  -1.105829695833
3  3  1.95294118  -0.650950168483
4  4  1.95294118  -0.650950168483
5  5  1.95294118  -0.407196512536
6  6  1.95294118  -0.407196512536
7  7  1.95294118  -0.407196512536
8  8  1.95294118  -0.407196512536
1  1  2.02941176  -1.086729000753
2  2  2.02941176  -1.086729000753
3  3  2.02941176  -0.657846182495
4  4  2.02941176  -0.657846182495
5  5  2.02941176  -0.404702753575
6  6  2.02941176  -0.404702753575
7  7  2.02941176  -0.404702753575
8  8  2.02941176  -0.404702753575
1  1  2.10588235  -1.068482293196
2  2  2.10588235  -1.068482293196
3  3  2.10588235  -0.664047288515
4  4  2.10588235  -0.664047288515
5  5  2.10588235  -0.402188910110
6  6  2.10588235  -0.402188910110
7  7  2.10588235  -0.402188910110
8  8  2.10588235  -0.402188910110
1  1  2.18235294  -1.051039799567
2  2  2.18235294  -1.051039799567
3  3  2.18235294  -0.669597916023
4  4  2.18235294  -0.669597916023
5  5  2.18235294  -0.399659158991
6  6  2.18235294  -0.399659158991
7  7  2.18235294  -0.399659158991
8  8  2.18235294  -0.399659158991
1  1  2.25882353  -1.034355392751
2  2  2.25882353  -1.034355392751
3  3  2.25882353  -0.674541773867
4  4  2.25882353  -0.674541773867
5  5  2.25882353  -0.397117205323
6  6  2.25882353  -0.397117205323
7  7  2.25882353  -0.397117205323
8  8  2.25882353  -0.397117205323
1  1  2.33529412  -1.018386310237
2  2  2.33529412  -1.018386310237
3  3  2.33529412  -0.678921245026
4  4  2.33529412  -0.678921245026
5  5  2.33529412  -0.394566378029
6  6  2.33529412  -0.394566378029
7  7  2.33529412  -0.394566378029
8  8  2.33529412  -0.394566378029
1  1  2.41176471  -1.003092887820
2  2  2.41176471  -1.003092887820
3  3  2.41176471  -0.682776941245
4  4  2.41176471  -0.682776941245
5  5  2.41176471  -0.392009695019
6  6  2.41176471  -0.392009695019
7  7  2.41176471  -0.392009695019
8  8  2.41176471  -0.392009695019
1  1  2.48823529  -0.988438314632
2  2  2.48823529  -0.988438314632
3  3  2.48823529  -0.686147487931
4  4  2.48823529  -0.686147487931
5  5  2.48823529  -0.389449906058
6  6  2.48823529  -0.389449906058
7  7  2.48823529  -0.389449906058
8  8  2.48823529  -0.389449906058
1  1  2.56470588  -0.974388397466
2  2  2.56470588  -0.974388397466
3  3  2.56470588  -0.689069424403
4  4  2.56470588  -0.689069424403
5  5  2.56470588  -0.386889520479
6  6  2.56470588  -0.386889520479
7  7  2.56470588  -0.386889520479
8  8  2.56470588  -0.386889520479
1  1  2.64117647  -0.960911341821
2  2  2.64117647  -0.960911341821
3  3  2.64117647  -0.691577168835
4  4  2.64117647  -0.691577168835
5  5  2.64117647  -0.384330827443
6  6  2.64117647  -0.384330827443
7  7  2.64117647  -0.384330827443
8  8  2.64117647  -0.384330827443
1  1  2.71764706  -0.947977557365
2  2  2.71764706  -0.947977557365
3  3  2.71764706  -0.693703045667
4  4  2.71764706  -0.693703045667
5  5  2.71764706  -0.381775908812
6  6  2.71764706  -0.381775908812
7  7  2.71764706  -0.381775908812
8  8  2.71764706  -0.381775908812
1  1  2.79411765  -0.935559480052
2  2  2.79411765  -0.935559480052
3  3  2.79411765  -0.695477348267
4  4  2.79411765  -0.695477348267
5  5  2.79411765  -0.379226649986
6  6  2.79411765  -0.379226649986
7  7  2.79411765  -0.379226649986
8  8  2.79411765  -0.379226649986
1  1  2.87058824  -0.923631383057
2  2  2.87058824  -0.923631383057
3  3  2.87058824  -0.696928396362
4  4  2.87058824  -0.696928396362
5  5  2.87058824  -0.376684747876
6  6  2.87058824  -0.376684747876
7  7  2.87058824  -0.376684747876
8  8  2.87058824  -0.376684747876
1  1  2.94705882  -0.912169239460
2  2  2.94705882  -0.912169239460
3  3  2.94705882  -0.698082635109
4  4  2.94705882  -0.698082635109
5  5  2.94705882  -0.374151722760
6  6  2.94705882  -0.374151722760
7  7  2.94705882  -0.374151722760
8  8  2.94705882  -0.374151722760
1  1  3.02352941  -0.901150576058
2  2  3.02352941  -0.901150576058
3  3  3.02352941  -0.698964720779
4  4  3.02352941  -0.698964720779
5  5  3.02352941  -0.371628927626
6  6  3.02352941  -0.371628927626
7  7  3.02352941  -0.371628927626
8  8  3.02352941  -0.371628927626
1  1  3.10000000  -0.890554348255
2  2  3.10000000  -0.890554348255
3  3  3.10000000  -0.699597612024
4  4  3.10000000  -0.699597612024
5  5  3.10000000  -0.369117557531
6  6  3.10000000  -0.369117557531
7  7  3.10000000  -0.369117557531
8  8  3.10000000  -0.369117557531
1  1  3.17647059  -0.880360825903
2  2  3.17647059  -0.880360825903
3  3  3.17647059  -0.700002656709
4  4  3.17647059  -0.700002656709
5  5  3.17647059  -0.366618660292
6  6  3.17647059  -0.366618660292
7  7  3.17647059  -0.366618660292
8  8  3.17647059  -0.366618660292
1  1  3.25294118  -0.870551496089
2  2  3.25294118  -0.870551496089
3  3  3.25294118  -0.700199691233
4  4  3.25294118  -0.700199691233
5  5  3.25294118  -0.364133146543
6  6  3.25294118  -0.364133146543
7  7  3.25294118  -0.364133146543
8  8  3.25294118  -0.364133146543
1  1  3.32941176  -0.861108966647
2  2  3.32941176  -0.861108966647
3  3  3.32941176  -0.700207105210
4  4  3.32941176  -0.700207105210
5  5  3.32941176  -0.361661799819
6  6  3.32941176  -0.361661799819
7  7  3.32941176  -0.361661799819
8  8  3.32941176  -0.361661799819
1  1  3.40588235  -0.852016886197
2  2  3.40588235  -0.852016886197
3  3  3.40588235  -0.700041937184
4  4  3.40588235  -0.700041937184
5  5  3.40588235  -0.359205286421
6  6  3.40588235  -0.359205286421
7  7  3.40588235  -0.359205286421
8  8  3.40588235  -0.359205286421
1  1  3.48235294  -0.843259867679
2  2  3.48235294  -0.843259867679
3  3  3.48235294  -0.699719950238
4  4  3.48235294  -0.699719950238
5  5  3.48235294  -0.356764164850
6  6  3.48235294  -0.356764164850
7  7  3.48235294  -0.356764164850
8  8  3.48235294  -0.356764164850
1  1  3.55882353  -0.834823418544
2  2  3.55882353  -0.834823418544
3  3  3.55882353  -0.699255709138
4  4  3.55882353  -0.699255709138
5  5  3.55882353  -0.354338894824
6  6  3.55882353  -0.354338894824
7  7  3.55882353  -0.354338894824
8  8  3.55882353  -0.354338894824
1  1  3.63529412  -0.826693876092
2  2  3.63529412  -0.826693876092
3  3  3.63529412  -0.698662655369
4  4  3.63529412  -0.698662655369
5  5  3.63529412  -0.351929845871
6  6  3.63529412  -0.351929845871
7  7  3.63529412  -0.351929845871
8  8  3.63529412  -0.351929845871
1  1  3.71176471  -0.818858347297
2  2  3.71176471  -0.818858347297
3  3  3.71176471  -0.697953180030
4  4  3.71176471  -0.697953180030
5  5  3.71176471  -0.349537305494
6  6  3.71176471  -0.349537305494
7  7  3.71176471  -0.349537305494
8  8  3.71176471  -0.349537305494
1  1  3.78823529  -0.811304652615
2  2  3.78823529  -0.811304652615
3  3  3.78823529  -0.697138694360
4  4  3.78823529  -0.697138694360
5  5  3.78823529  -0.347161487025
6  6  3.78823529  -0.347161487025
7  7  3.78823529  -0.347161487025
8  8  3.78823529  -0.347161487025
1  1  3.86470588  -0.804021273383
2  2  3.86470588  -0.804021273383
3  3  3.86470588  -0.696229697643
4  4  3.86470588  -0.696229697643
5  5  3.86470588  -0.344802537225
6  6  3.86470588  -0.344802537225
7  7  3.86470588  -0.344802537225
8  8  3.86470588  -0.344802537225
1  1  3.94117647  -0.796997302613
2  2  3.94117647  -0.796997302613
3  3  3.94117647  -0.695235842236
4  4  3.94117647  -0.695235842236
5  5  3.94117647  -0.342460543720
6  6  3.94117647  -0.342460543720
7  7  3.94117647  -0.342460543720
8  8  3.94117647  -0.342460543720
1  1  4.01764706  -0.790222398994
2  2  4.01764706  -0.790222398994
3  3  4.01764706  -0.694165995554
4  4  4.01764706  -0.694165995554
5  5  4.01764706  -0.340135542144
6  6  4.01764706  -0.340135542144
7  7  4.01764706  -0.340135542144
8  8  4.01764706  -0.340135542144
1  1  4.09411765  -0.783686744049
2  2  4.09411765  -0.783686744049
3  3  4.09411765  -0.693028298801
4  4  4.09411765  -0.693028298801
5  5  4.09411765  -0.337827523160
6  6  4.09411765  -0.337827523160
7  7  4.09411765  -0.337827523160
8  8  4.09411765  -0.337827523160
1  1  4.17058824  -0.777381002417
2  2  4.17058824  -0.777381002417
3  3  4.17058824  -0.691830222376
4  4  4.17058824  -0.691830222376
5  5  4.17058824  -0.335536439225
6  6  4.17058824  -0.335536439225
7  7  4.17058824  -0.335536439225
8  8  4.17058824  -0.335536439225
1  1  4.24705882  -0.771296285177
2  2  4.24705882  -0.771296285177
3  3  4.24705882  -0.690578617933
4  4  4.24705882  -0.690578617933
5  5  4.24705882  -0.333262211132
6  6  4.24705882  -0.333262211132
7  7  4.24705882  -0.333262211132
8  8  4.24705882  -0.333262211132
1  1  4.32352941  -0.765424116195
2  2  4.32352941  -0.765424116195
3  3  4.32352941  -0.689279767120
4  4  4.32352941  -0.689279767120
5  5  4.32352941  -0.331004734325
6  6  4.32352941  -0.331004734325
7  7  4.32352941  -0.331004734325
8  8  4.32352941  -0.331004734325
1  1  4.40000000  -0.759756401371
2  2  4.40000000  -0.759756401371
3  3  4.40000000  -0.687939427033
4  4  4.40000000  -0.687939427033
5  5  4.40000000  -0.328763884982
6  6  4.40000000  -0.328763884982
7  7  4.40000000  -0.328763884982
8  8  4.40000000  -0.328763884982
1  1  4.47647059  -0.754285400694
2  2  4.47647059  -0.754285400694
3  3  4.47647059  -0.686562872495
4  4  4.47647059  -0.686562872495
5  5  4.47647059  -0.326539525884
6  6  4.47647059  -0.326539525884
7  7  4.47647059  -0.326539525884
8  8  4.47647059  -0.326539525884
1  1  4.55294118  -0.749003702943
2  2  4.55294118  -0.749003702943
3  3  4.55294118  -0.685154935250
4  4  4.55294118  -0.685154935250
5  5  4.55294118  -0.324331512054
6  6  4.55294118  -0.324331512054
7  7  4.55294118  -0.324331512054
8  8  4.55294118  -0.324331512054
1  1  4.62941176  -0.743904202872
2  2  4.62941176  -0.743904202872
3  3  4.62941176  -0.683720040210
4  4  4.62941176  -0.683720040210
5  5  4.62941176  -0.322139696150
6  6  4.62941176  -0.322139696150
7  7  4.62941176  -0.322139696150
8  8  4.62941176  -0.322139696150
1  1  4.70588235  -0.738980080691
2  2  4.70588235  -0.738980080691
3  3  4.70588235  -0.682262238896
4  4  4.70588235  -0.682262238896
5  5  4.70588235  -0.319963933580
6  6  4.70588235  -0.319963933580
7  7  4.70588235  -0.319963933580
8  8  4.70588235  -0.319963933580
1  1  4.78235294  -0.734224783677
2  2  4.78235294  -0.734224783677
3  3  4.78235294  -0.680785240219
4  4  4.78235294  -0.680785240219
5  5  4.78235294  -0.317804087290
6  6  4.78235294  -0.317804087290
7  7  4.78235294  -0.317804087290
8  8  4.78235294  -0.317804087290
1  1  4.85882353  -0.729632009692
2  2  4.85882353  -0.729632009692
3  3  4.85882353  -0.679292438756
4  4  4.85882353  -0.679292438756
5  5  4.85882353  -0.315660032128
6  6  4.85882353  -0.315660032128
7  7  4.85882353  -0.315660032128
8  8  4.85882353  -0.315660032128
1  1  4.93529412  -0.725195692436
2  2  4.93529412  -0.725195692436
3  3  4.93529412  -0.677786940668
4  4  4.93529412  -0.677786940668
5  5  4.93529412  -0.313531658704
6  6  4.93529412  -0.313531658704
7  7  4.93529412  -0.313531658704
8  8  4.93529412  -0.313531658704
1  1  5.01176471  -0.720909988270
2  2  5.01176471  -0.720909988270
3  3  5.01176471  -0.676271587434
4  4  5.01176471  -0.676271587434
5  5  5.01176471  -0.311418876629
6  6  5.01176471  -0.311418876629
7  7  5.01176471  -0.311418876629
8  8  5.01176471  -0.311418876629
1  1  5.08823529  -0.716769264416
2  2  5.08823529  -0.716769264416
3  3  5.08823529  -0.674748977541
4  4  5.08823529  -0.674748977541
5  5  5.08823529  -0.309321617046
6  6  5.08823529  -0.309321617046
7  7  5.08823529  -0.309321617046
8  8  5.08823529  -0.309321617046
1  1  5.16470588  -0.712768088410
2  2  5.16470588  -0.712768088410
3  3  5.16470588  -0.673221486300
4  4  5.16470588  -0.673221486300
5  5  5.16470588  -0.307239834354
6  6  5.16470588  -0.307239834354
7  7  5.16470588  -0.307239834354
8  8  5.16470588  -0.307239834354
1  1  5.24117647  -0.708901218637
2  2  5.24117647  -0.708901218637
3  3  5.24117647  -0.671691283934
4  4  5.24117647  -0.671691283934
5  5  5.24117647  -0.305173507039
6  6  5.24117647  -0.305173507039
7  7  5.24117647  -0.305173507039
8  8  5.24117647  -0.305173507039
1  1  5.31764706  -0.705163595745
2  2  5.31764706  -0.705163595745
3  3  5.31764706  -0.670160352090
4  4  5.31764706  -0.670160352090
5  5  5.31764706  -0.303122637516
6  6  5.31764706  -0.303122637516
7  7  5.31764706  -0.303122637516
8  8  5.31764706  -0.303122637516
1  1  5.39411765  -0.701550334773
2  2  5.39411765  -0.701550334773
3  3  5.39411765  -0.668630499068
4  4  5.39411765  -0.668630499068
5  5  5.39411765  -0.301087251349
6  6  5.39411765  -0.301087251349
7  7  5.39411765  -0.301087251349
8  8  5.39411765  -0.301087251349
1  1  5.47058824  -0.698056714928
2  2  5.47058824  -0.698056714928
3  3  5.47058824  -0.667103369964
4  4  5.47058824  -0.667103369964
5  5  5.47058824  -0.299067404625
6  6  5.47058824  -0.299067404625
7  7  5.47058824  -0.299067404625
8  8  5.47058824  -0.299067404625
1  1  5.54705882  -0.694678187910
2  2  5.54705882  -0.694678187910
3  3  5.54705882  -0.665580470431
4  4  5.54705882  -0.665580470431
5  5  5.54705882  -0.297063143125
6  6  5.54705882  -0.297063143125
7  7  5.54705882  -0.297063143125
8  8  5.54705882  -0.297063143125
1  1  5.62352941  -0.691410350057
2  2  5.62352941  -0.691410350057
3  3  5.62352941  -0.664063160717
4  4  5.62352941  -0.664063160717
5  5  5.62352941  -0.295074565710
6  6  5.62352941  -0.295074565710
7  7  5.62352941  -0.295074565710
8  8  5.62352941  -0.295074565710
1  1  5.70000000  -0.688248955634
2  2  5.70000000  -0.688248955634
3  3  5.70000000  -0.662552684997
4  4  5.70000000  -0.662552684997
5  5  5.70000000  -0.293101752789
6  6  5.70000000  -0.293101752789
7  7  5.70000000  -0.293101752789
8  8  5.70000000  -0.293101752789
1  1  5.77647059  -0.685189900420
2  2  5.77647059  -0.685189900420
3  3  5.77647059  -0.661050164140
4  4  5.77647059  -0.661050164140
5  5  5.77647059  -0.291144810584
6  6  5.77647059  -0.291144810584
7  7  5.77647059  -0.291144810584
8  8  5.77647059  -0.291144810584
1  1  5.85294118  -0.682229225720
2  2  5.85294118  -0.682229225720
3  3  5.85294118  -0.659556616847
4  4  5.85294118  -0.659556616847
5  5  5.85294118  -0.289203844180
6  6  5.85294118  -0.289203844180
7  7  5.85294118  -0.289203844180
8  8  5.85294118  -0.289203844180
1  1  5.92941176  -0.679363108965
2  2  5.92941176  -0.679363108965
3  3  5.92941176  -0.658072960395
4  4  5.92941176  -0.658072960395
5  5  5.92941176  -0.287278959088
6  6  5.92941176  -0.287278959088
7  7  5.92941176  -0.287278959088
8  8  5.92941176  -0.287278959088
1  1  6.00588235  -0.676587862747
2  2  6.00588235  -0.676587862747
3  3  6.00588235  -0.656600021640
4  4  6.00588235  -0.656600021640
5  5  6.00588235  -0.285370257885
6  6  6.00588235  -0.285370257885
7  7  6.00588235  -0.285370257885
8  8  6.00588235  -0.285370257885
1  1  6.08235294  -0.673899930720
2  2  6.08235294  -0.673899930720
3  3  6.08235294  -0.655138543027
4  4  6.08235294  -0.655138543027
5  5  6.08235294  -0.283477837411
6  6  6.08235294  -0.283477837411
7  7  6.08235294  -0.283477837411
8  8  6.08235294  -0.283477837411
1  1  6.15882353  -0.671295884353
2  2  6.15882353  -0.671295884353
3  3  6.15882353  -0.653689188952
4  4  6.15882353  -0.653689188952
5  5  6.15882353  -0.281601786697
6  6  6.15882353  -0.281601786697
7  7  6.15882353  -0.281601786697
8  8  6.15882353  -0.281601786697
1  1  6.23529412  -0.668772419811
2  2  6.23529412  -0.668772419811
3  3  6.23529412  -0.652252551648
4  4  6.23529412  -0.652252551648
5  5  6.23529412  -0.279742185718
6  6  6.23529412  -0.279742185718
7  7  6.23529412  -0.279742185718
8  8  6.23529412  -0.279742185718
1  1  6.31176471  -0.666326354947
2  2  6.31176471  -0.666326354947
3  3  6.31176471  -0.650829156624
4  4  6.31176471  -0.650829156624
5  5  6.31176471  -0.277899105012
6  6  6.31176471  -0.277899105012
7  7  6.31176471  -0.277899105012
8  8  6.31176471  -0.277899105012
1  1  6.38823529  -0.663954626353
2  2  6.38823529  -0.663954626353
3  3  6.38823529  -0.649419467706
4  4  6.38823529  -0.649419467706
5  5  6.38823529  -0.276072606180
6  6  6.38823529  -0.276072606180
7  7  6.38823529  -0.276072606180
8  8  6.38823529  -0.276072606180
1  1  6.46470588  -0.661654286452
2  2  6.46470588  -0.661654286452
3  3  6.46470588  -0.648023891707
4  4  6.46470588  -0.648023891707
5  5  6.46470588  -0.274262743167
6  6  6.46470588  -0.274262743167
7  7  6.46470588  -0.274262743167
8  8  6.46470588  -0.274262743167
1  1  6.54117647  -0.659422500617
2  2  6.54117647  -0.659422500617
3  3  6.54117647  -0.646642782761
4  4  6.54117647  -0.646642782761
5  5  6.54117647  -0.272469564221
6  6  6.54117647  -0.272469564221
7  7  6.54117647  -0.272469564221
8  8  6.54117647  -0.272469564221
1  1  6.61764706  -0.657256544292
2  2  6.61764706  -0.657256544292
3  3  6.61764706  -0.645276446312
4  4  6.61764706  -0.645276446312
5  5  6.61764706  -0.270693114823
6  6  6.61764706  -0.270693114823
7  7  6.61764706  -0.270693114823
8  8  6.61764706  -0.270693114823
1  1  6.69411765  -0.655153800077
2  2  6.69411765  -0.655153800077
3  3  6.69411765  -0.643925142611
4  4  6.69411765  -0.643925142611
5  5  6.69411765  -0.268933445190
6  6  6.69411765  -0.268933445190
7  7  6.69411765  -0.268933445190
8  8  6.69411765  -0.268933445190
1  1  6.77058824  -0.653111754849
2  2  6.77058824  -0.653111754849
3  3  6.77058824  -0.642589090564
4  4  6.77058824  -0.642589090564
5  5  6.77058824  -0.267190605368
6  6  6.77058824  -0.267190605368
7  7  6.77058824  -0.267190605368
8  8  6.77058824  -0.267190605368
1  1  6.84705882  -0.651127997000
2  2  6.84705882  -0.651127997000
3  3  6.84705882  -0.641268471437
4  4  6.84705882  -0.641268471437
5  5  6.84705882  -0.265464640764
6  6  6.84705882  -0.265464640764
7  7  6.84705882  -0.265464640764
8  8  6.84705882  -0.265464640764
1  1  6.92352941  -0.649200213077
2  2  6.92352941  -0.649200213077
3  3  6.92352941  -0.639963430302
4  4  6.92352941  -0.639963430302
5  5  6.92352941  -0.263755622947
6  6  6.92352941  -0.263755622947
7  7  6.92352941  -0.263755622947
8  8  6.92352941  -0.263755622947
1  1  7.00000000  -0.647326185222
2  2  7.00000000  -0.647326185222
3  3  7.00000000  -0.638674080084
4  4  7.00000000  -0.638674080084
5  5  7.00000000  -0.262063627178
6  6  7.00000000  -0.262063627178
7  7  7.00000000  -0.262063627178
8  8  7.00000000  -0.262063627178
1  1  7.07647059  -0.645503788030
2  2  7.07647059  -0.645503788030
3  3  7.07647059  -0.637400503680
4  4  7.07647059  -0.637400503680
5  5  7.07647059  -0.260388744329
6  6  7.07647059  -0.260388744329
7  7  7.07647059  -0.260388744329
8  8  7.07647059  -0.260388744329
1  1  7.15294118  -0.643730985581
2  2  7.15294118  -0.643730985581
3  3  7.15294118  -0.636142756431
4  4  7.15294118  -0.636142756431
5  5  7.15294118  -0.258731080633
6  6  7.15294118  -0.258731080633
7  7  7.15294118  -0.258731080633
8  8  7.15294118  -0.258731080633
1  1  7.22941176  -0.642005828454
2  2  7.22941176  -0.642005828454
3  3  7.22941176  -0.634900868352
4  4  7.22941176  -0.634900868352
5  5  7.22941176  -0.257090758330
6  6  7.22941176  -0.257090758330
7  7  7.22941176  -0.257090758330
8  8  7.22941176  -0.257090758330
1  1  7.30588235  -0.640326450664
2  2  7.30588235  -0.640326450664
3  3  7.30588235  -0.633674846007
4  4  7.30588235  -0.633674846007
5  5  7.30588235  -0.255467923081
6  6  7.30588235  -0.255467923081
7  7  7.30588235  -0.255467923081
8  8  7.30588235  -0.255467923081
1  1  7.38235294  -0.638691067077
2  2  7.38235294  -0.638691067077
3  3  7.38235294  -0.632464675195
4  4  7.38235294  -0.632464675195
5  5  7.38235294  -0.253862714399
6  6  7.38235294  -0.253862714399
7  7  7.38235294  -0.253862714399
8  8  7.38235294  -0.253862714399
1  1  7.45882353  -0.637097969831
2  2  7.45882353  -0.637097969831
3  3  7.45882353  -0.631270321637
4  4  7.45882353  -0.631270321637
5  5  7.45882353  -0.252275307287
6  6  7.45882353  -0.252275307287
7  7  7.45882353  -0.252275307287
8  8  7.45882353  -0.252275307287
1  1  7.53529412  -0.635545525870
2  2  7.53529412  -0.635545525870
3  3  7.53529412  -0.630091733390
4  4  7.53529412  -0.630091733390
5  5  7.53529412  -0.250705882051
6  6  7.53529412  -0.250705882051
7  7  7.53529412  -0.250705882051
8  8  7.53529412  -0.250705882051
1  1  7.61176471  -0.634032173945
2  2  7.61176471  -0.634032173945
3  3  7.61176471  -0.628928842227
4  4  7.61176471  -0.628928842227
5  5  7.61176471  -0.249154628971
6  6  7.61176471  -0.249154628971
7  7  7.61176471  -0.249154628971
8  8  7.61176471  -0.249154628971
1  1  7.68823529  -0.632556421788
2  2  7.68823529  -0.632556421788
3  3  7.68823529  -0.627781565096
4  4  7.68823529  -0.627781565096
5  5  7.68823529  -0.247621745580
6  6  7.68823529  -0.247621745580
7  7  7.68823529  -0.247621745580
8  8  7.68823529  -0.247621745580
1  1  7.76470588  -0.631116843320
2  2  7.76470588  -0.631116843320
3  3  7.76470588  -0.626649805476
4  4  7.76470588  -0.626649805476
5  5  7.76470588  -0.246107433692
6  6  7.76470588  -0.246107433692
7  7  7.76470588  -0.246107433692
8  8  7.76470588  -0.246107433692
1  1  7.84117647  -0.629712075936
2  2  7.84117647  -0.629712075936
3  3  7.84117647  -0.625533454645
4  4  7.84117647  -0.625533454645
5  5  7.84117647  -0.244611896277
6  6  7.84117647  -0.244611896277
7  7  7.84117647  -0.244611896277
8  8  7.84117647  -0.244611896277
1  1  7.91764706  -0.628340817834
2  2  7.91764706  -0.628340817834
3  3  7.91764706  -0.624432392858
4  4  7.91764706  -0.624432392858
5  5  7.91764706  -0.243135334298
6  6  7.91764706  -0.243135334298
7  7  7.91764706  -0.243135334298
8  8  7.91764706  -0.243135334298
1  1  7.99411765  -0.627001825423
2  2  7.99411765  -0.627001825423
3  3  7.99411765  -0.623346490449
4  4  7.99411765  -0.623346490449
5  5  7.99411765  -0.241677943589
6  6  7.99411765  -0.241677943589
7  7  7.99411765  -0.241677943589
8  8  7.99411765  -0.241677943589
1  1  8.07058824  -0.625693910799
2  2  8.07058824  -0.625693910799
3  3  8.07058824  -0.622275608848
4  4  8.07058824  -0.622275608848
5  5  8.07058824  -0.240239911855
6  6  8.07058824  -0.240239911855
7  7  8.07058824  -0.240239911855
8  8  8.07058824  -0.240239911855
1  1  8.14705882  -0.624415939288
2  2  8.14705882  -0.624415939288
3  3  8.14705882  -0.621219601532
4  4  8.14705882  -0.621219601532
5  5  8.14705882  -0.238821415860
6  6  8.14705882  -0.238821415860
7  7  8.14705882  -0.238821415860
8  8  8.14705882  -0.238821415860
1  1  8.22352941  -0.623166827078
2  2  8.22352941  -0.623166827078
3  3  8.22352941  -0.620178314912
4  4  8.22352941  -0.620178314912
5  5  8.22352941  -0.237422618849
6  6  8.22352941  -0.237422618849
7  7  8.22352941  -0.237422618849
8  8  8.22352941  -0.237422618849
1  1  8.30000000  -0.621945538915
2  2  8.30000000  -0.621945538915
3  3  8.30000000  -0.619151589148
4  4  8.30000000  -0.619151589148
5  5  8.30000000  -0.236043668252
6  6  8.30000000  -0.236043668252
7  7  8.30000000  -0.236043668252
8  8  8.30000000  -0.236043668252
1  1  8.37647059  -0.620751085889
2  2  8.37647059  -0.620751085889
3  3  8.37647059  -0.618139258913
4  4  8.37647059  -0.618139258913
5  5  8.37647059  -0.234684693685
6  6  8.37647059  -0.234684693685
7  7  8.37647059  -0.234684693685
8  8  8.37647059  -0.234684693685
1  1  8.45294118  -0.619582523295
2  2  8.45294118  -0.619582523295
3  3  8.45294118  -0.617141154094
4  4  8.45294118  -0.617141154094
5  5  8.45294118  -0.233345805270
6  6  8.45294118  -0.233345805270
7  7  8.45294118  -0.233345805270
8  8  8.45294118  -0.233345805270
1  1  8.52941176  -0.618438948574
2  2  8.52941176  -0.618438948574
3  3  8.52941176  -0.616157100446
4  4  8.52941176  -0.616157100446
5  5  8.52941176  -0.232027092277
6  6  8.52941176  -0.232027092277
7  7  8.52941176  -0.232027092277
8  8  8.52941176  -0.232027092277
1  1  8.60588235  -0.617319499335
2  2  8.60588235  -0.617319499335
3  3  8.60588235  -0.615186920193
4  4  8.60588235  -0.615186920193
5  5  8.60588235  -0.230728622078
6  6  8.60588235  -0.230728622078
7  7  8.60588235  -0.230728622078
8  8  8.60588235  -0.230728622078
1  1  8.68235294  -0.616223351458
2  2  8.68235294  -0.616223351458
3  3  8.68235294  -0.614230432587
4  4  8.68235294  -0.614230432587
5  5  8.68235294  -0.229450439414
6  6  8.68235294  -0.229450439414
7  7  8.68235294  -0.229450439414
8  8  8.68235294  -0.229450439414
1  1  8.75882353  -0.615149717272
2  2  8.75882353  -0.615149717272
3  3  8.75882353  -0.613287454417
4  4  8.75882353  -0.613287454417
5  5  8.75882353  -0.228192565939
6  6  8.75882353  -0.228192565939
7  7  8.75882353  -0.228192565939
8  8  8.75882353  -0.228192565939
1  1  8.83529412  -0.614097843812
2  2  8.83529412  -0.614097843812
3  3  8.83529412  -0.612357800487
4  4  8.83529412  -0.612357800487
5  5  8.83529412  -0.226955000041
6  6  8.83529412  -0.226955000041
7  7  8.83529412  -0.226955000041
8  8  8.83529412  -0.226955000041
1  1  8.91176471  -0.613067011155
2  2  8.91176471  -0.613067011155
3  3  8.91176471  -0.611441284048
4  4  8.91176471  -0.611441284048
5  5  8.91176471  -0.225737716897
6  6  8.91176471  -0.225737716897
7  7  8.91176471  -0.225737716897
8  8  8.91176471  -0.225737716897
1  1  8.98823529  -0.612056530819
2  2  8.98823529  -0.612056530819
3  3  8.98823529  -0.610537717203
4  4  8.98823529  -0.610537717203
5  5  8.98823529  -0.224540668747
6  6  8.98823529  -0.224540668747
7  7  8.98823529  -0.224540668747
8  8  8.98823529  -0.224540668747
1  1  9.06470588  -0.611065744251
2  2  9.06470588  -0.611065744251
3  3  9.06470588  -0.609646911269
4  4  9.06470588  -0.609646911269
5  5  9.06470588  -0.223363785356
6  6  9.06470588  -0.223363785356
7  7  9.06470588  -0.223363785356
8  8  9.06470588  -0.223363785356
1  1  9.14117647  -0.610094021366
2  2  9.14117647  -0.610094021366
3  3  9.14117647  -0.608768677119
4  4  9.14117647  -0.608768677119
5  5  9.14117647  -0.222206974643
6  6  9.14117647  -0.222206974643
7  7  9.14117647  -0.222206974643
8  8  9.14117647  -0.222206974643
1  1  9.21764706  -0.609140759172
2  2  9.21764706  -0.609140759172
3  3  9.21764706  -0.607902825491
4  4  9.21764706  -0.607902825491
5  5  9.21764706  -0.221070123446
6  6  9.21764706  -0.221070123446
7  7  9.21764706  -0.221070123446
8  8  9.21764706  -0.221070123446
1  1  9.29411765  -0.608205380443
2  2  9.29411765  -0.608205380443
3  3  9.29411765  -0.607049167272
4  4  9.29411765  -0.607049167272
5  5  9.29411765  -0.219953098396
6  6  9.29411765  -0.219953098396
7  7  9.29411765  -0.219953098396
8  8  9.29411765  -0.219953098396
1  1  9.37058824  -0.607287332471
2  2  9.37058824  -0.607287332471
3  3  9.37058824  -0.606207513753
4  4  9.37058824  -0.606207513753
5  5  9.37058824  -0.218855746894
6  6  9.37058824  -0.218855746894
7  7  9.37058824  -0.218855746894
8  8  9.37058824  -0.218855746894
1  1  9.44705882  -0.606386085867
2  2  9.44705882  -0.606386085867
3  3  9.44705882  -0.605377676871
4  4  9.44705882  -0.605377676871
5  5  9.44705882  -0.217777898110
6  6  9.44705882  -0.217777898110
7  7  9.44705882  -0.217777898110
8  8  9.44705882  -0.217777898110
1  1  9.52352941  -0.605501133409
2  2  9.52352941  -0.605501133409
3  3  9.52352941  -0.604559469419
4  4  9.52352941  -0.604559469419
5  5  9.52352941  -0.216719363773
6  6  9.52352941  -0.216719363773
7  7  9.52352941  -0.216719363773
8  8  9.52352941  -0.216719363773
1  1  9.60000000  -0.604631989190
2  2  9.60000000  -0.604631989190
3  3  9.60000000  -0.603752705360
4  4  9.60000000  -0.603752705360
5  5  9.60000000  -0.215679945054
6  6  9.60000000  -0.215679945054
7  7  9.60000000  -0.215679945054
8  8  9.60000000  -0.215679945054
1  1  9.67647059  -0.603778187099
2  2  9.67647059  -0.603778187099
3  3  9.67647059  -0.602957199721
4  4  9.67647059  -0.602957199721
5  5  9.67647059  -0.214659418649
6  6  9.67647059  -0.214659418649
7  7  9.67647059  -0.214659418649
8  8  9.67647059  -0.214659418649
1  1  9.75294118  -0.602939279416
2  2  9.75294118  -0.602939279416
3  3  9.75294118  -0.602172768820
4  4  9.75294118  -0.602172768820
5  5  9.75294118  -0.213657546433
6  6  9.75294118  -0.213657546433
7  7  9.75294118  -0.213657546433
8  8  9.75294118  -0.213657546433
1  1  9.82941176  -0.602114838500
2  2  9.82941176  -0.602114838500
3  3  9.82941176  -0.601399231012
4  4  9.82941176  -0.601399231012
5  5  9.82941176  -0.212674096613
6  6  9.82941176  -0.212674096613
7  7  9.82941176  -0.212674096613
8  8  9.82941176  -0.212674096613
1  1  9.90588235  -0.601304452499
2  2  9.90588235  -0.601304452499
3  3  9.90588235  -0.600636405866
4  4  9.90588235  -0.600636405866
5  5  9.90588235  -0.211708807901
6  6  9.90588235  -0.211708807901
7  7  9.90588235  -0.211708807901
8  8  9.90588235  -0.211708807901
1  1  9.98235294  -0.600507726435
2  2  9.98235294  -0.600507726435
3  3  9.98235294  -0.599884114890
4  4  9.98235294  -0.599884114890
5  5  9.98235294  -0.210761414606
6  6  9.98235294  -0.210761414606
7  7  9.98235294  -0.210761414606
8  8  9.98235294  -0.210761414606
1  1  10.05882353  -0.599724280981
2  2  10.05882353  -0.599724280981
3  3  10.05882353  -0.599142181512
4  4  10.05882353  -0.599142181512
5  5  10.05882353  -0.209831642197
6  6  10.05882353  -0.209831642197
7  7  10.05882353  -0.209831642197
8  8  10.05882353  -0.209831642197
1  1  10.13529412  -0.598953751730
2  2  10.13529412  -0.598953751730
3  3  10.13529412  -0.598410431163
4  4  10.13529412  -0.598410431163
5  5  10.13529412  -0.208919208310
6  6  10.13529412  -0.208919208310
7  7  10.13529412  -0.208919208310
8  8  10.13529412  -0.208919208310
1  1  10.21176471  -0.598195788481
2  2  10.21176471  -0.598195788481
3  3  10.21176471  -0.597688691352
4  4  10.21176471  -0.597688691352
5  5  10.21176471  -0.208023823715
6  6  10.21176471  -0.208023823715
7  7  10.21176471  -0.208023823715
8  8  10.21176471  -0.208023823715
1  1  10.28823529  -0.597450054558
2  2  10.28823529  -0.597450054558
3  3  10.28823529  -0.596976791746
4  4  10.28823529  -0.596976791746
5  5  10.28823529  -0.207145193302
6  6  10.28823529  -0.207145193302
7  7  10.28823529  -0.207145193302
8  8  10.28823529  -0.207145193302
1  1  10.36470588  -0.596716226172
2  2  10.36470588  -0.596716226172
3  3  10.36470588  -0.596274564232
4  4  10.36470588  -0.596274564232
5  5  10.36470588  -0.206283017056
6  6  10.36470588  -0.206283017056
7  7  10.36470588  -0.206283017056
8  8  10.36470588  -0.206283017056
1  1  10.44117647  -0.595993991806
2  2  10.44117647  -0.595993991806
3  3  10.44117647  -0.595581842975
4  4  10.44117647  -0.595581842975
5  5  10.44117647  -0.205436990980
6  6  10.44117647  -0.205436990980
7  7  10.44117647  -0.205436990980
8  8  10.44117647  -0.205436990980
1  1  10.51764706  -0.595283051643
2  2  10.51764706  -0.595283051643
3  3  10.51764706  -0.594898464469
4  4  10.51764706  -0.594898464469
5  5  10.51764706  -0.204606807938
6  6  10.51764706  -0.204606807938
7  7  10.51764706  -0.204606807938
8  8  10.51764706  -0.204606807938
1  1  10.59411765  -0.594583117011
2  2  10.59411765  -0.594583117011
3  3  10.59411765  -0.594224267571
4  4  10.59411765  -0.594224267571
5  5  10.59411765  -0.203792158262
6  6  10.59411765  -0.203792158262
7  7  10.59411765  -0.203792158262
8  8  10.59411765  -0.203792158262
1  1  10.67058824  -0.593893909861
2  2  10.67058824  -0.593893909861
3  3  10.67058824  -0.593559093529
4  4  10.67058824  -0.593559093529
5  5  10.67058824  -0.202992729540
6  6  10.67058824  -0.202992729540
7  7  10.67058824  -0.202992729540
8  8  10.67058824  -0.202992729540
1  1  10.74705882  -0.593215162253
2  2  10.74705882  -0.593215162253
3  3  10.74705882  -0.592902786091
4  4  10.74705882  -0.592902786091
5  5  10.74705882  -0.202208212316
6  6  10.74705882  -0.202208212316
7  7  10.74705882  -0.202208212316
8  8  10.74705882  -0.202208212316
1  1  10.82352941  -0.592546615937
2  2  10.82352941  -0.592546615937
3  3  10.82352941  -0.592255191444
4  4  10.82352941  -0.592255191444
5  5  10.82352941  -0.201438300128
6  6  10.82352941  -0.201438300128
7  7  10.82352941  -0.201438300128
8  8  10.82352941  -0.201438300128
1  1  10.90000000  -0.591888021905
2  2  10.90000000  -0.591888021905
3  3  10.90000000  -0.591616158090
4  4  10.90000000  -0.591616158090
5  5  10.90000000  -0.200682673207
6  6  10.90000000  -0.200682673207
7  7  10.90000000  -0.200682673207
8  8  10.90000000  -0.200682673207
1  1  10.97647059  -0.591239139924
2  2  10.97647059  -0.591239139924
3  3  10.97647059  -0.590985537169
4  4  10.97647059  -0.590985537169
5  5  10.97647059  -0.199941025919
6  6  10.97647059  -0.199941025919
7  7  10.97647059  -0.199941025919
8  8  10.97647059  -0.199941025919
1  1  11.05294118  -0.590599738156
2  2  11.05294118  -0.590599738156
3  3  11.05294118  -0.590363182211
4  4  11.05294118  -0.590363182211
5  5  11.05294118  -0.199213047543
6  6  11.05294118  -0.199213047543
7  7  11.05294118  -0.199213047543
8  8  11.05294118  -0.199213047543
1  1  11.12941176  -0.589969592808
2  2  11.12941176  -0.589969592808
3  3  11.12941176  -0.589748949240
4  4  11.12941176  -0.589748949240
5  5  11.12941176  -0.198498430634
6  6  11.12941176  -0.198498430634
7  7  11.12941176  -0.198498430634
8  8  11.12941176  -0.198498430634
1  1  11.20588235  -0.589348487758
2  2  11.20588235  -0.589348487758
3  3  11.20588235  -0.589142696758
4  4  11.20588235  -0.589142696758
5  5  11.20588235  -0.197796871120
6  6  11.20588235  -0.197796871120
7  7  11.20588235  -0.197796871120
8  8  11.20588235  -0.197796871120
1  1  11.28235294  -0.588736213633
2  2  11.28235294  -0.588736213633
3  3  11.28235294  -0.588544285277
4  4  11.28235294  -0.588544285277
5  5  11.28235294  -0.197108067836
6  6  11.28235294  -0.197108067836
7  7  11.28235294  -0.197108067836
8  8  11.28235294  -0.197108067836
1  1  11.35882353  -0.588132569776
2  2  11.35882353  -0.588132569776
3  3  11.35882353  -0.587953579160
4  4  11.35882353  -0.587953579160
5  5  11.35882353  -0.196431723128
6  6  11.35882353  -0.196431723128
7  7  11.35882353  -0.196431723128
8  8  11.35882353  -0.196431723128
1  1  11.43529412  -0.587537360450
2  2  11.43529412  -0.587537360450
3  3  11.43529412  -0.587370443839
4  4  11.43529412  -0.587370443839
5  5  11.43529412  -0.195767543336
6  6  11.43529412  -0.195767543336
7  7  11.43529412  -0.195767543336
8  8  11.43529412  -0.195767543336
1  1  11.51176471  -0.586950396896
2  2  11.51176471  -0.586950396896
3  3  11.51176471  -0.586794747647
4  4  11.51176471  -0.586794747647
5  5  11.51176471  -0.195115238315
6  6  11.51176471  -0.195115238315
7  7  11.51176471  -0.195115238315
8  8  11.51176471  -0.195115238315
1  1  11.58823529  -0.586371496517
2  2  11.58823529  -0.586371496517
3  3  11.58823529  -0.586226361290
4  4  11.58823529  -0.586226361290
5  5  11.58823529  -0.194474521252
6  6  11.58823529  -0.194474521252
7  7  11.58823529  -0.194474521252
8  8  11.58823529  -0.194474521252
1  1  11.66470588  -0.585800482652
2  2  11.66470588  -0.585800482652
3  3  11.66470588  -0.585665157845
4  4  11.66470588  -0.585665157845
5  5  11.66470588  -0.193845106912
6  6  11.66470588  -0.193845106912
7  7  11.66470588  -0.193845106912
8  8  11.66470588  -0.193845106912
1  1  11.74117647  -0.585237184151
2  2  11.74117647  -0.585237184151
3  3  11.74117647  -0.585111012743
4  4  11.74117647  -0.585111012743
5  5  11.74117647  -0.193226722852
6  6  11.74117647  -0.193226722852
7  7  11.74117647  -0.193226722852
8  8  11.74117647  -0.193226722852
1  1  11.81764706  -0.584681435287
2  2  11.81764706  -0.584681435287
3  3  11.81764706  -0.584563803795
4  4  11.81764706  -0.584563803795
5  5  11.81764706  -0.192619093943
6  6  11.81764706  -0.192619093943
7  7  11.81764706  -0.192619093943
8  8  11.81764706  -0.192619093943
1  1  11.89411765  -0.584133075484
2  2  11.89411765  -0.584133075484
3  3  11.89411765  -0.584023411099
4  4  11.89411765  -0.584023411099
5  5  11.89411765  -0.192021952484
6  6  11.89411765  -0.192021952484
7  7  11.89411765  -0.192021952484
8  8  11.89411765  -0.192021952484
1  1  11.97058824  -0.583591949107
2  2  11.97058824  -0.583591949107
3  3  11.97058824  -0.583489717034
4  4  11.97058824  -0.583489717034
5  5  11.97058824  -0.191435035803
6  6  11.97058824  -0.191435035803
7  7  11.97058824  -0.191435035803
8  8  11.97058824  -0.191435035803
1  1  12.04705882  -0.583057905259
2  2  12.04705882  -0.583057905259
3  3  12.04705882  -0.582962606227
4  4  12.04705882  -0.582962606227
5  5  12.04705882  -0.190858086392
6  6  12.04705882  -0.190858086392
7  7  12.04705882  -0.190858086392
8  8  12.04705882  -0.190858086392
1  1  12.12352941  -0.582530797595
2  2  12.12352941  -0.582530797595
3  3  12.12352941  -0.582441965526
4  4  12.12352941  -0.582441965526
5  5  12.12352941  -0.190290851997
6  6  12.12352941  -0.190290851997
7  7  12.12352941  -0.190290851997
8  8  12.12352941  -0.190290851997
1  1  12.20000000  -0.582010484130
2  2  12.20000000  -0.582010484130
3  3  12.20000000  -0.581927683964
4  4  12.20000000  -0.581927683964
5  5  12.20000000  -0.189733085690
6  6  12.20000000  -0.189733085690
7  7  12.20000000  -0.189733085690
8  8  12.20000000  -0.189733085690
1  1  12.27647059  -0.581496827073
2  2  12.27647059  -0.581496827073
3  3  12.27647059  -0.581419652728
4  4  12.27647059  -0.581419652728
5  5  12.27647059  -0.189184545931
6  6  12.27647059  -0.189184545931
7  7  12.27647059  -0.189184545931
8  8  12.27647059  -0.189184545931
1  1  12.35294118  -0.580989692656
2  2  12.35294118  -0.580989692656
3  3  12.35294118  -0.580917765126
4  4  12.35294118  -0.580917765126
5  5  12.35294118  -0.188644996597
6  6  12.35294118  -0.188644996597
7  7  12.35294118  -0.188644996597
8  8  12.35294118  -0.188644996597
1  1  12.42941176  -0.580488950983
2  2  12.42941176  -0.580488950983
3  3  12.42941176  -0.580421916552
4  4  12.42941176  -0.580421916552
5  5  12.42941176  -0.188114207015
6  6  12.42941176  -0.188114207015
7  7  12.42941176  -0.188114207015
8  8  12.42941176  -0.188114207015
1  1  12.50588235  -0.579994475871
2  2  12.50588235  -0.579994475871
3  3  12.50588235  -0.579932004451
4  4  12.50588235  -0.579932004451
5  5  12.50588235  -0.187591951966
6  6  12.50588235  -0.187591951966
7  7  12.50588235  -0.187591951966
8  8  12.50588235  -0.187591951966
1  1  12.58235294  -0.579506144717
2  2  12.58235294  -0.579506144717
3  3  12.58235294  -0.579447928288
4  4  12.58235294  -0.579447928288
5  5  12.58235294  -0.187078011686
6  6  12.58235294  -0.187078011686
7  7  12.58235294  -0.187078011686
8  8  12.58235294  -0.187078011686
1  1  12.65882353  -0.579023838355
2  2  12.65882353  -0.579023838355
3  3  12.65882353  -0.578969589509
4  4  12.65882353  -0.578969589509
5  5  12.65882353  -0.186572171854
6  6  12.65882353  -0.186572171854
7  7  12.65882353  -0.186572171854
8  8  12.65882353  -0.186572171854
1  1  12.73529412  -0.578547440929
2  2  12.73529412  -0.578547440929
3  3  12.73529412  -0.578496891509
4  4  12.73529412  -0.578496891509
5  5  12.73529412  -0.186074223565
6  6  12.73529412  -0.186074223565
7  7  12.73529412  -0.186074223565
8  8  12.73529412  -0.186074223565
1  1  12.81176471  -0.578076839771
2  2  12.81176471  -0.578076839771
3  3  12.81176471  -0.578029739594
4  4  12.81176471  -0.578029739594
5  5  12.81176471  -0.185583963297
6  6  12.81176471  -0.185583963297
7  7  12.81176471  -0.185583963297
8  8  12.81176471  -0.185583963297
1  1  12.88823529  -0.577611925280
2  2  12.88823529  -0.577611925280
3  3  12.88823529  -0.577568040950
4  4  12.88823529  -0.577568040950
5  5  12.88823529  -0.185101192872
6  6  12.88823529  -0.185101192872
7  7  12.88823529  -0.185101192872
8  8  12.88823529  -0.185101192872
1  1  12.96470588  -0.577152590813
2  2  12.96470588  -0.577152590813
3  3  12.96470588  -0.577111704606
4  4  12.96470588  -0.577111704606
5  5  12.96470588  -0.184625719401
6  6  12.96470588  -0.184625719401
7  7  12.96470588  -0.184625719401
8  8  12.96470588  -0.184625719401
1  1  13.04117647  -0.576698732576
2  2  13.04117647  -0.576698732576
3  3  13.04117647  -0.576660641398
4  4  13.04117647  -0.576660641398
5  5  13.04117647  -0.184157355231
6  6  13.04117647  -0.184157355231
7  7  13.04117647  -0.184157355231
8  8  13.04117647  -0.184157355231
1  1  13.11764706  -0.576250249519
2  2  13.11764706  -0.576250249519
3  3  13.11764706  -0.576214763936
4  4  13.11764706  -0.576214763936
5  5  13.11764706  -0.183695917880
6  6  13.11764706  -0.183695917880
7  7  13.11764706  -0.183695917880
8  8  13.11764706  -0.183695917880
1  1  13.19411765  -0.575807043244
2  2  13.19411765  -0.575807043244
3  3  13.19411765  -0.575773986572
4  4  13.19411765  -0.575773986572
5  5  13.19411765  -0.183241229967
6  6  13.19411765  -0.183241229967
7  7  13.19411765  -0.183241229967
8  8  13.19411765  -0.183241229967
1  1  13.27058824  -0.575369017907
2  2  13.27058824  -0.575369017907
3  3  13.27058824  -0.575338225361
4  4  13.27058824  -0.575338225361
5  5  13.27058824  -0.182793119135
6  6  13.27058824  -0.182793119135
7  7  13.27058824  -0.182793119135
8  8  13.27058824  -0.182793119135
1  1  13.34705882  -0.574936080130
2  2  13.34705882  -0.574936080130
3  3  13.34705882  -0.574907398032
4  4  13.34705882  -0.574907398032
5  5  13.34705882  -0.182351417976
6  6  13.34705882  -0.182351417976
7  7  13.34705882  -0.182351417976
8  8  13.34705882  -0.182351417976
1  1  13.42352941  -0.574508138917
2  2  13.42352941  -0.574508138917
3  3  13.42352941  -0.574481423951
4  4  13.42352941  -0.574481423951
5  5  13.42352941  -0.181915963944
6  6  13.42352941  -0.181915963944
7  7  13.42352941  -0.181915963944
8  8  13.42352941  -0.181915963944
1  1  13.50000000  -0.574085105569
2  2  13.50000000  -0.574085105569
3  3  13.50000000  -0.574060224090
4  4  13.50000000  -0.574060224090
5  5  13.50000000  -0.181486599268
6  6  13.50000000  -0.181486599268
7  7  13.50000000  -0.181486599268
8  8  13.50000000  -0.181486599268
1  1  13.57647059  -0.573666893610
2  2  13.57647059  -0.573666893610
3  3  13.57647059  -0.573643720996
4  4  13.57647059  -0.573643720996
5  5  13.57647059  -0.181063170863
6  6  13.57647059  -0.181063170863
7  7  13.57647059  -0.181063170863
8  8  13.57647059  -0.181063170863
1  1  13.65294118  -0.573253418708
2  2  13.65294118  -0.573253418708
3  3  13.65294118  -0.573231838755
4  4  13.65294118  -0.573231838755
5  5  13.65294118  -0.180645530233
6  6  13.65294118  -0.180645530233
7  7  13.65294118  -0.180645530233
8  8  13.65294118  -0.180645530233
1  1  13.72941176  -0.572844598607
2  2  13.72941176  -0.572844598607
3  3  13.72941176  -0.572824502963
4  4  13.72941176  -0.572824502963
5  5  13.72941176  -0.180233533381
6  6  13.72941176  -0.180233533381
7  7  13.72941176  -0.180233533381
8  8  13.72941176  -0.180233533381
1  1  13.80588235  -0.572440353056
2  2  13.80588235  -0.572440353056
3  3  13.80588235  -0.572421640695
4  4  13.80588235  -0.572421640695
5  5  13.80588235  -0.179827040704
6  6  13.80588235  -0.179827040704
7  7  13.80588235  -0.179827040704
8  8  13.80588235  -0.179827040704
1  1  13.88235294  -0.572040603745
2  2  13.88235294  -0.572040603745
3  3  13.88235294  -0.572023180472
4  4  13.88235294  -0.572023180472
5  5  13.88235294  -0.179425916902
6  6  13.88235294  -0.179425916902
7  7  13.88235294  -0.179425916902
8  8  13.88235294  -0.179425916902
1  1  13.95882353  -0.571645274238
2  2  13.95882353  -0.571645274238
3  3  13.95882353  -0.571629052233
4  4  13.95882353  -0.571629052233
5  5  13.95882353  -0.179030030869
6  6  13.95882353  -0.179030030869
7  7  13.95882353  -0.179030030869
8  8  13.95882353  -0.179030030869
1  1  14.03529412  -0.571254289919
2  2  14.03529412  -0.571254289919
3  3  14.03529412  -0.571239187303
4  4  14.03529412  -0.571239187303
5  5  14.03529412  -0.178639255598
6  6  14.03529412  -0.178639255598
7  7  14.03529412  -0.178639255598
8  8  14.03529412  -0.178639255598
1  1  14.11176471  -0.570867577929
2  2  14.11176471  -0.570867577929
3  3  14.11176471  -0.570853518367
4  4  14.11176471  -0.570853518367
5  5  14.11176471  -0.178253468074
6  6  14.11176471  -0.178253468074
7  7  14.11176471  -0.178253468074
8  8  14.11176471  -0.178253468074
1  1  14.18823529  -0.570485067113
2  2  14.18823529  -0.570485067113
3  3  14.18823529  -0.570471979438
4  4  14.18823529  -0.570471979438
5  5  14.18823529  -0.177872549175
6  6  14.18823529  -0.177872549175
7  7  14.18823529  -0.177872549175
8  8  14.18823529  -0.177872549175
1  1  14.26470588  -0.570106687963
2  2  14.26470588  -0.570106687963
3  3  14.26470588  -0.570094505827
4  4  14.26470588  -0.570094505827
5  5  14.26470588  -0.177496383568
6  6  14.26470588  -0.177496383568
7  7  14.26470588  -0.177496383568
8  8  14.26470588  -0.177496383568
1  1  14.34117647  -0.569732372572
2  2  14.34117647  -0.569732372572
3  3  14.34117647  -0.569721034123
4  4  14.34117647  -0.569721034123
5  5  14.34117647  -0.177124859603
6  6  14.34117647  -0.177124859603
7  7  14.34117647  -0.177124859603
8  8  14.34117647  -0.177124859603
1  1  14.41764706  -0.569362054582
2  2  14.41764706  -0.569362054582
3  3  14.41764706  -0.569351502156
4  4  14.41764706  -0.569351502156
5  5  14.41764706  -0.176757869216
6  6  14.41764706  -0.176757869216
7  7  14.41764706  -0.176757869216
8  8  14.41764706  -0.176757869216
1  1  14.49411765  -0.568995669136
2  2  14.49411765  -0.568995669136
3  3  14.49411765  -0.568985848977
4  4  14.49411765  -0.568985848977
5  5  14.49411765  -0.176395307822
6  6  14.49411765  -0.176395307822
7  7  14.49411765  -0.176395307822
8  8  14.49411765  -0.176395307822
1  1  14.57058824  -0.568633152834
2  2  14.57058824  -0.568633152834
3  3  14.57058824  -0.568624014828
4  4  14.57058824  -0.568624014828
5  5  14.57058824  -0.176037074218
6  6  14.57058824  -0.176037074218
7  7  14.57058824  -0.176037074218
8  8  14.57058824  -0.176037074218
1  1  14.64705882  -0.568274443688
2  2  14.64705882  -0.568274443688
3  3  14.64705882  -0.568265941119
4  4  14.64705882  -0.568265941119
5  5  14.64705882  -0.175683070478
6  6  14.64705882  -0.175683070478
7  7  14.64705882  -0.175683070478
8  8  14.64705882  -0.175683070478
1  1  14.72352941  -0.567919481081
2  2  14.72352941  -0.567919481081
3  3  14.72352941  -0.567911570399
4  4  14.72352941  -0.567911570399
5  5  14.72352941  -0.175333201858
6  6  14.72352941  -0.175333201858
7  7  14.72352941  -0.175333201858
8  8  14.72352941  -0.175333201858
1  1  14.80000000  -0.567568205729
2  2  14.80000000  -0.567568205729
3  3  14.80000000  -0.567560846336
4  4  14.80000000  -0.567560846336
5  5  14.80000000  -0.174987376694
6  6  14.80000000  -0.174987376694
7  7  14.80000000  -0.174987376694
8  8  14.80000000  -0.174987376694
1  1  14.87647059  -0.567220559635
2  2  14.87647059  -0.567220559635
3  3  14.87647059  -0.567213713687
4  4  14.87647059  -0.567213713687
5  5  14.87647059  -0.174645506308
6  6  14.87647059  -0.174645506308
7  7  14.87647059  -0.174645506308
8  8  14.87647059  -0.174645506308
1  1  14.95294118  -0.566876486061
2  2  14.95294118  -0.566876486061
3  3  14.95294118  -0.566870118278
4  4  14.95294118  -0.566870118278
5  5  14.95294118  -0.174307504912
6  6  14.95294118  -0.174307504912
7  7  14.95294118  -0.174307504912
8  8  14.95294118  -0.174307504912
1  1  15.02941176  -0.566535929485
2  2  15.02941176  -0.566535929485
3  3  15.02941176  -0.566530006982
4  4  15.02941176  -0.566530006982
5  5  15.02941176  -0.173973289511
6  6  15.02941176  -0.173973289511
7  7  15.02941176  -0.173973289511
8  8  15.02941176  -0.173973289511
1  1  15.10588235  -0.566198835567
2  2  15.10588235  -0.566198835567
3  3  15.10588235  -0.566193327691
4  4  15.10588235  -0.566193327691
5  5  15.10588235  -0.173642779815
6  6  15.10588235  -0.173642779815
7  7  15.10588235  -0.173642779815
8  8  15.10588235  -0.173642779815
1  1  15.18235294  -0.565865151121
2  2  15.18235294  -0.565865151121
3  3  15.18235294  -0.565860029298
4  4  15.18235294  -0.565860029298
5  5  15.18235294  -0.173315898144
6  6  15.18235294  -0.173315898144
7  7  15.18235294  -0.173315898144
8  8  15.18235294  -0.173315898144
1  1  15.25882353  -0.565534824076
2  2  15.25882353  -0.565534824076
3  3  15.25882353  -0.565530061671
4  4  15.25882353  -0.565530061671
5  5  15.25882353  -0.172992569343
6  6  15.25882353  -0.172992569343
7  7  15.25882353  -0.172992569343
8  8  15.25882353  -0.172992569343
1  1  15.33529412  -0.565207803450
2  2  15.33529412  -0.565207803450
3  3  15.33529412  -0.565203375638
4  4  15.33529412  -0.565203375638
5  5  15.33529412  -0.172672720694
6  6  15.33529412  -0.172672720694
7  7  15.33529412  -0.172672720694
8  8  15.33529412  -0.172672720694
1  1  15.41176471  -0.564884039317
2  2  15.41176471  -0.564884039317
3  3  15.41176471  -0.564879922960
4  4  15.41176471  -0.564879922960
5  5  15.41176471  -0.172356281828
6  6  15.41176471  -0.172356281828
7  7  15.41176471  -0.172356281828
8  8  15.41176471  -0.172356281828
1  1  15.48823529  -0.564563482683
2  2  15.48823529  -0.564563482683
3  3  15.48823529  -0.564559656391
4  4  15.48823529  -0.564559656391
5  5  15.48823529  -0.172043182933
6  6  15.48823529  -0.172043182933
7  7  15.48823529  -0.172043182933
8  8  15.48823529  -0.172043182933
1  1  15.56470588  -0.564246085840
2  2  15.56470588  -0.564246085840
3  3  15.56470588  -0.564242529340
4  4  15.56470588  -0.564242529340
5  5  15.56470588  -0.171733361524
6  6  15.56470588  -0.171733361524
7  7  15.56470588  -0.171733361524
8  8  15.56470588  -0.171733361524
1  1  15.64117647  -0.563931801773
2  2  15.64117647  -0.563931801773
3  3  15.64117647  -0.563928496332
4  4  15.64117647  -0.563928496332
5  5  15.64117647  -0.171426752084
6  6  15.64117647  -0.171426752084
7  7  15.64117647  -0.171426752084
8  8  15.64117647  -0.171426752084
1  1  15.71764706  -0.563620584505
2  2  15.71764706  -0.563620584505
3  3  15.71764706  -0.563617512669
4  4  15.71764706  -0.563617512669
5  5  15.71764706  -0.171123292840
6  6  15.71764706  -0.171123292840
7  7  15.71764706  -0.171123292840
8  8  15.71764706  -0.171123292840
1  1  15.79411765  -0.563312388984
2  2  15.79411765  -0.563312388984
3  3  15.79411765  -0.563309534487
4  4  15.79411765  -0.563309534487
5  5  15.79411765  -0.170822923977
6  6  15.79411765  -0.170822923977
7  7  15.79411765  -0.170822923977
8  8  15.79411765  -0.170822923977
1  1  15.87058824  -0.563007171055
2  2  15.87058824  -0.563007171055
3  3  15.87058824  -0.563004518740
4  4  15.87058824  -0.563004518740
5  5  15.87058824  -0.170525587564
6  6  15.87058824  -0.170525587564
7  7  15.87058824  -0.170525587564
8  8  15.87058824  -0.170525587564
1  1  15.94705882  -0.562704887440
2  2  15.94705882  -0.562704887440
3  3  15.94705882  -0.562702423185
4  4  15.94705882  -0.562702423185
5  5  15.94705882  -0.170231227481
6  6  15.94705882  -0.170231227481
7  7  15.94705882  -0.170231227481
8  8  15.94705882  -0.170231227481
1  1  16.02352941  -0.562405495711
2  2  16.02352941  -0.562405495711
3  3  16.02352941  -0.562403206361
4  4  16.02352941  -0.562403206361
5  5  16.02352941  -0.169939789357
6  6  16.02352941  -0.169939789357
7  7  16.02352941  -0.169939789357
8  8  16.02352941  -0.169939789357
1  1  16.10000000  -0.562108954273
2  2  16.10000000  -0.562108954273
3  3  16.10000000  -0.562106827570
4  4  16.10000000  -0.562106827570
5  5  16.10000000  -0.169651220496
6  6  16.10000000  -0.169651220496
7  7  16.10000000  -0.169651220496
8  8  16.10000000  -0.169651220496
1  1  16.17647059  -0.561815222338
2  2  16.17647059  -0.561815222338
3  3  16.17647059  -0.561813246867
4  4  16.17647059  -0.561813246867
5  5  16.17647059  -0.169365469818
6  6  16.17647059  -0.169365469818
7  7  16.17647059  -0.169365469818
8  8  16.17647059  -0.169365469818
1  1  16.25294118  -0.561524259911
2  2  16.25294118  -0.561524259911
3  3  16.25294118  -0.561522425038
4  4  16.25294118  -0.561522425038
5  5  16.25294118  -0.169082487796
6  6  16.25294118  -0.169082487796
7  7  16.25294118  -0.169082487796
8  8  16.25294118  -0.169082487796
1  1  16.32941176  -0.561236027763
2  2  16.32941176  -0.561236027763
3  3  16.32941176  -0.561234323585
4  4  16.32941176  -0.561234323585
5  5  16.32941176  -0.168802226394
6  6  16.32941176  -0.168802226394
7  7  16.32941176  -0.168802226394
8  8  16.32941176  -0.168802226394
1  1  16.40588235  -0.560950487416
2  2  16.40588235  -0.560950487416
3  3  16.40588235  -0.560948904712
4  4  16.40588235  -0.560948904712
5  5  16.40588235  -0.168524639011
6  6  16.40588235  -0.168524639011
7  7  16.40588235  -0.168524639011
8  8  16.40588235  -0.168524639011
1  1  16.48235294  -0.560667601125
2  2  16.48235294  -0.560667601125
3  3  16.48235294  -0.560666131308
4  4  16.48235294  -0.560666131308
5  5  16.48235294  -0.168249680423
6  6  16.48235294  -0.168249680423
7  7  16.48235294  -0.168249680423
8  8  16.48235294  -0.168249680423
1  1  16.55882353  -0.560387331857
2  2  16.55882353  -0.560387331857
3  3  16.55882353  -0.560385966934
4  4  16.55882353  -0.560385966934
5  5  16.55882353  -0.167977306733
6  6  16.55882353  -0.167977306733
7  7  16.55882353  -0.167977306733
8  8  16.55882353  -0.167977306733
1  1  16.63529412  -0.560109643278
2  2  16.63529412  -0.560109643278
3  3  16.63529412  -0.560108375808
4  4  16.63529412  -0.560108375808
5  5  16.63529412  -0.167707475314
6  6  16.63529412  -0.167707475314
7  7  16.63529412  -0.167707475314
8  8  16.63529412  -0.167707475314
1  1  16.71176471  -0.559834499730
2  2  16.71176471  -0.559834499730
3  3  16.71176471  -0.559833322787
4  4  16.71176471  -0.559833322787
5  5  16.71176471  -0.167440144762
6  6  16.71176471  -0.167440144762
7  7  16.71176471  -0.167440144762
8  8  16.71176471  -0.167440144762
1  1  16.78823529  -0.559561866221
2  2  16.78823529  -0.559561866221
3  3  16.78823529  -0.559560773361
4  4  16.78823529  -0.559560773361
5  5  16.78823529  -0.167175274847
6  6  16.78823529  -0.167175274847
7  7  16.78823529  -0.167175274847
8  8  16.78823529  -0.167175274847
1  1  16.86470588  -0.559291708405
2  2  16.86470588  -0.559291708405
3  3  16.86470588  -0.559290693632
4  4  16.86470588  -0.559290693632
5  5  16.86470588  -0.166912826467
6  6  16.86470588  -0.166912826467
7  7  16.86470588  -0.166912826467
8  8  16.86470588  -0.166912826467
1  1  16.94117647  -0.559023992568
2  2  16.94117647  -0.559023992568
3  3  16.94117647  -0.559023050303
4  4  16.94117647  -0.559023050303
5  5  16.94117647  -0.166652761603
6  6  16.94117647  -0.166652761603
7  7  16.94117647  -0.166652761603
8  8  16.94117647  -0.166652761603
1  1  17.01764706  -0.558758685615
2  2  17.01764706  -0.558758685615
3  3  17.01764706  -0.558757810669
4  4  17.01764706  -0.558757810669
5  5  17.01764706  -0.166395043275
6  6  17.01764706  -0.166395043275
7  7  17.01764706  -0.166395043275
8  8  17.01764706  -0.166395043275
1  1  17.09411765  -0.558495755051
2  2  17.09411765  -0.558495755051
3  3  17.09411765  -0.558494942599
4  4  17.09411765  -0.558494942599
5  5  17.09411765  -0.166139635503
6  6  17.09411765  -0.166139635503
7  7  17.09411765  -0.166139635503
8  8  17.09411765  -0.166139635503
1  1  17.17058824  -0.558235168970
2  2  17.17058824  -0.558235168970
3  3  17.17058824  -0.558234414525
4  4  17.17058824  -0.558234414525
5  5  17.17058824  -0.165886503269
6  6  17.17058824  -0.165886503269
7  7  17.17058824  -0.165886503269
8  8  17.17058824  -0.165886503269
1  1  17.24705882  -0.557976896043
2  2  17.24705882  -0.557976896043
3  3  17.24705882  -0.557976195433
4  4  17.24705882  -0.557976195433
5  5  17.24705882  -0.165635612473
6  6  17.24705882  -0.165635612473
7  7  17.24705882  -0.165635612473
8  8  17.24705882  -0.165635612473
1  1  17.32352941  -0.557720905502
2  2  17.32352941  -0.557720905502
3  3  17.32352941  -0.557720254849
4  4  17.32352941  -0.557720254849
5  5  17.32352941  -0.165386929904
6  6  17.32352941  -0.165386929904
7  7  17.32352941  -0.165386929904
8  8  17.32352941  -0.165386929904
1  1  17.40000000  -0.557467167125
2  2  17.40000000  -0.557467167125
3  3  17.40000000  -0.557466562828
4  4  17.40000000  -0.557466562828
5  5  17.40000000  -0.165140423200
6  6  17.40000000  -0.165140423200
7  7  17.40000000  -0.165140423200
8  8  17.40000000  -0.165140423200
1  1  17.47647059  -0.557215651231
2  2  17.47647059  -0.557215651231
3  3  17.47647059  -0.557215089941
4  4  17.47647059  -0.557215089941
5  5  17.47647059  -0.164896060818
6  6  17.47647059  -0.164896060818
7  7  17.47647059  -0.164896060818
8  8  17.47647059  -0.164896060818
1  1  17.55294118  -0.556966328661
2  2  17.55294118  -0.556966328661
3  3  17.55294118  -0.556965807268
4  4  17.55294118  -0.556965807268
5  5  17.55294118  -0.164653812002
6  6  17.55294118  -0.164653812002
7  7  17.55294118  -0.164653812002
8  8  17.55294118  -0.164653812002
1  1  17.62941176  -0.556719170768
2  2  17.62941176  -0.556719170768
3  3  17.62941176  -0.556718686383
4  4  17.62941176  -0.556718686383
5  5  17.62941176  -0.164413646749
6  6  17.62941176  -0.164413646749
7  7  17.62941176  -0.164413646749
8  8  17.62941176  -0.164413646749
1  1  17.70588235  -0.556474149407
2  2  17.70588235  -0.556474149407
3  3  17.70588235  -0.556473699348
4  4  17.70588235  -0.556473699348
5  5  17.70588235  -0.164175535784
6  6  17.70588235  -0.164175535784
7  7  17.70588235  -0.164175535784
8  8  17.70588235  -0.164175535784
1  1  17.78235294  -0.556231236922
2  2  17.78235294  -0.556231236922
3  3  17.78235294  -0.556230818699
4  4  17.78235294  -0.556230818699
5  5  17.78235294  -0.163939450532
6  6  17.78235294  -0.163939450532
7  7  17.78235294  -0.163939450532
8  8  17.78235294  -0.163939450532
1  1  17.85882353  -0.555990406138
2  2  17.85882353  -0.555990406138
3  3  17.85882353  -0.555990017439
4  4  17.85882353  -0.555990017439
5  5  17.85882353  -0.163705363088
6  6  17.85882353  -0.163705363088
7  7  17.85882353  -0.163705363088
8  8  17.85882353  -0.163705363088
1  1  17.93529412  -0.555751630347
2  2  17.93529412  -0.555751630347
3  3  17.93529412  -0.555751269027
4  4  17.93529412  -0.555751269027
5  5  17.93529412  -0.163473246194
6  6  17.93529412  -0.163473246194
7  7  17.93529412  -0.163473246194
8  8  17.93529412  -0.163473246194
1  1  18.01176471  -0.555514883299
2  2  18.01176471  -0.555514883299
3  3  18.01176471  -0.555514547369
4  4  18.01176471  -0.555514547369
5  5  18.01176471  -0.163243073218
6  6  18.01176471  -0.163243073218
7  7  18.01176471  -0.163243073218
8  8  18.01176471  -0.163243073218
1  1  18.08823529  -0.555280139195
2  2  18.08823529  -0.555280139195
3  3  18.08823529  -0.555279826806
4  4  18.08823529  -0.555279826806
5  5  18.08823529  -0.163014818122
6  6  18.08823529  -0.163014818122
7  7  18.08823529  -0.163014818122
8  8  18.08823529  -0.163014818122
1  1  18.16470588  -0.555047372671
2  2  18.16470588  -0.555047372671
3  3  18.16470588  -0.555047082112
4  4  18.16470588  -0.555047082112
5  5  18.16470588  -0.162788455451
6  6  18.16470588  -0.162788455451
7  7  18.16470588  -0.162788455451
8  8  18.16470588  -0.162788455451
1  1  18.24117647  -0.554816558794
2  2  18.24117647  -0.554816558794
3  3  18.24117647  -0.554816288477
4  4  18.24117647  -0.554816288477
5  5  18.24117647  -0.162563960303
6  6  18.24117647  -0.162563960303
7  7  18.24117647  -0.162563960303
8  8  18.24117647  -0.162563960303
1  1  18.31764706  -0.554587673052
2  2  18.31764706  -0.554587673052
3  3  18.31764706  -0.554587421505
4  4  18.31764706  -0.554587421505
5  5  18.31764706  -0.162341308312
6  6  18.31764706  -0.162341308312
7  7  18.31764706  -0.162341308312
8  8  18.31764706  -0.162341308312
1  1  18.39411765  -0.554360691343
2  2  18.39411765  -0.554360691343
3  3  18.39411765  -0.554360457201
4  4  18.39411765  -0.554360457201
5  5  18.39411765  -0.162120475632
6  6  18.39411765  -0.162120475632
7  7  18.39411765  -0.162120475632
8  8  18.39411765  -0.162120475632
1  1  18.47058824  -0.554135589968
2  2  18.47058824  -0.554135589968
3  3  18.47058824  -0.554135371965
4  4  18.47058824  -0.554135371965
5  5  18.47058824  -0.161901438913
6  6  18.47058824  -0.161901438913
7  7  18.47058824  -0.161901438913
8  8  18.47058824  -0.161901438913
1  1  18.54705882  -0.553912345620
2  2  18.54705882  -0.553912345620
3  3  18.54705882  -0.553912142585
4  4  18.54705882  -0.553912142585
5  5  18.54705882  -0.161684175289
6  6  18.54705882  -0.161684175289
7  7  18.54705882  -0.161684175289
8  8  18.54705882  -0.161684175289
1  1  18.62352941  -0.553690935380
2  2  18.62352941  -0.553690935380
3  3  18.62352941  -0.553690746226
4  4  18.62352941  -0.553690746226
5  5  18.62352941  -0.161468662355
6  6  18.62352941  -0.161468662355
7  7  18.62352941  -0.161468662355
8  8  18.62352941  -0.161468662355
1  1  18.70000000  -0.553471336705
2  2  18.70000000  -0.553471336705
3  3  18.70000000  -0.553471160427
4  4  18.70000000  -0.553471160427
5  5  18.70000000  -0.161254878160
6  6  18.70000000  -0.161254878160
7  7  18.70000000  -0.161254878160
8  8  18.70000000  -0.161254878160
1  1  18.77647059  -0.553253527423
2  2  18.77647059  -0.553253527423
3  3  18.77647059  -0.553253363089
4  4  18.77647059  -0.553253363089
5  5  18.77647059  -0.161042801184
6  6  18.77647059  -0.161042801184
7  7  18.77647059  -0.161042801184
8  8  18.77647059  -0.161042801184
1  1  18.85294118  -0.553037485723
2  2  18.85294118  -0.553037485723
3  3  18.85294118  -0.553037332470
4  4  18.85294118  -0.553037332470
5  5  18.85294118  -0.160832410325
6  6  18.85294118  -0.160832410325
7  7  18.85294118  -0.160832410325
8  8  18.85294118  -0.160832410325
1  1  18.92941176  -0.552823190150
2  2  18.92941176  -0.552823190150
3  3  18.92941176  -0.552823047179
4  4  18.92941176  -0.552823047179
5  5  18.92941176  -0.160623684891
6  6  18.92941176  -0.160623684891
7  7  18.92941176  -0.160623684891
8  8  18.92941176  -0.160623684891
1  1  19.00588235  -0.552610619594
2  2  19.00588235  -0.552610619594
3  3  19.00588235  -0.552610486165
4  4  19.00588235  -0.552610486165
5  5  19.00588235  -0.160416604578
6  6  19.00588235  -0.160416604578
7  7  19.00588235  -0.160416604578
8  8  19.00588235  -0.160416604578
1  1  19.08235294  -0.552399753287
2  2  19.08235294  -0.552399753287
3  3  19.08235294  -0.552399628716
4  4  19.08235294  -0.552399628716
5  5  19.08235294  -0.160211149467
6  6  19.08235294  -0.160211149467
7  7  19.08235294  -0.160211149467
8  8  19.08235294  -0.160211149467
1  1  19.15882353  -0.552190570794
2  2  19.15882353  -0.552190570794
3  3  19.15882353  -0.552190454447
4  4  19.15882353  -0.552190454447
5  5  19.15882353  -0.160007300003
6  6  19.15882353  -0.160007300003
7  7  19.15882353  -0.160007300003
8  8  19.15882353  -0.160007300003
1  1  19.23529412  -0.551983052008
2  2  19.23529412  -0.551983052008
3  3  19.23529412  -0.551982943297
4  4  19.23529412  -0.551982943297
5  5  19.23529412  -0.159805036990
6  6  19.23529412  -0.159805036990
7  7  19.23529412  -0.159805036990
8  8  19.23529412  -0.159805036990
1  1  19.31176471  -0.551777177139
2  2  19.31176471  -0.551777177139
3  3  19.31176471  -0.551777075522
4  4  19.31176471  -0.551777075522
5  5  19.31176471  -0.159604341579
6  6  19.31176471  -0.159604341579
7  7  19.31176471  -0.159604341579
8  8  19.31176471  -0.159604341579
1  1  19.38823529  -0.551572926713
2  2  19.38823529  -0.551572926713
3  3  19.38823529  -0.551572831687
4  4  19.38823529  -0.551572831687
5  5  19.38823529  -0.159405195254
6  6  19.38823529  -0.159405195254
7  7  19.38823529  -0.159405195254
8  8  19.38823529  -0.159405195254
1  1  19.46470588  -0.551370281564
2  2  19.46470588  -0.551370281564
3  3  19.46470588  -0.551370192663
4  4  19.46470588  -0.551370192663
5  5  19.46470588  -0.159207579827
6  6  19.46470588  -0.159207579827
7  7  19.46470588  -0.159207579827
8  8  19.46470588  -0.159207579827
1  1  19.54117647  -0.551169222824
2  2  19.54117647  -0.551169222824
3  3  19.54117647  -0.551169139618
4  4  19.54117647  -0.551169139618
5  5  19.54117647  -0.159011477426
6  6  19.54117647  -0.159011477426
7  7  19.54117647  -0.159011477426
8  8  19.54117647  -0.159011477426
1  1  19.61764706  -0.550969731924
2  2  19.61764706  -0.550969731924
3  3  19.61764706  -0.550969654015
4  4  19.61764706  -0.550969654015
5  5  19.61764706  -0.158816870486
6  6  19.61764706  -0.158816870486
7  7  19.61764706  -0.158816870486
8  8  19.61764706  -0.158816870486
1  1  19.69411765  -0.550771790582
2  2  19.69411765  -0.550771790582
3  3  19.69411765  -0.550771717600
4  4  19.69411765  -0.550771717600
5  5  19.69411765  -0.158623741741
6  6  19.69411765  -0.158623741741
7  7  19.69411765  -0.158623741741
8  8  19.69411765  -0.158623741741
1  1  19.77058824  -0.550575380802
2  2  19.77058824  -0.550575380802
3  3  19.77058824  -0.550575312406
4  4  19.77058824  -0.550575312406
5  5  19.77058824  -0.158432074215
6  6  19.77058824  -0.158432074215
7  7  19.77058824  -0.158432074215
8  8  19.77058824  -0.158432074215
1  1  19.84705882  -0.550380484864
2  2  19.84705882  -0.550380484864
3  3  19.84705882  -0.550380420738
4  4  19.84705882  -0.550380420738
5  5  19.84705882  -0.158241851215
6  6  19.84705882  -0.158241851215
7  7  19.84705882  -0.158241851215
8  8  19.84705882  -0.158241851215
1  1  19.92352941  -0.550187085323
2  2  19.92352941  -0.550187085323
3  3  19.92352941  -0.550187025175
4  4  19.92352941  -0.550187025175
5  5  19.92352941  -0.158053056325
6  6  19.92352941  -0.158053056325
7  7  19.92352941  -0.158053056325
8  8  19.92352941  -0.158053056325
1  1  20.00000000  -0.549995165001
2  2  20.00000000  -0.549995165001
3  3  20.00000000  -0.549995108559
4  4  20.00000000  -0.549995108559
5  5  20.00000000  -0.157865673394
6  6  20.00000000  -0.157865673394
7  7  20.00000000  -0.157865673394
8  8  20.00000000  -0.157865673394
