0.000000e+00  1.0000000000e+00  0.0000000000e+00
5.000000e-02  9.9008670386e-01  9.9132961373e-03
1.000000e-01  9.6130611663e-01  3.8693883373e-02
1.500000e-01  9.1626179047e-01  8.3738209534e-02
2.000000e-01  8.5871851185e-01  1.4128148815e-01
2.500000e-01  7.9308510455e-01  2.0691489545e-01
3.000000e-01  7.2391682160e-01  2.7608317840e-01
3.500000e-01  6.5549506536e-01  3.4450493464e-01
4.000000e-01  5.9151818737e-01  4.0848181263e-01
4.500000e-01  5.3491144222e-01  4.6508855778e-01
5.000000e-01  4.8774459523e-01  5.1225540477e-01
5.500000e-01  4.5123478132e-01  5.4876521868e-01
6.000000e-01  4.2580927057e-01  5.7419072943e-01
6.500000e-01  4.1120534840e-01  5.8879465160e-01
7.000000e-01  4.0658972237e-01  5.9341027763e-01
7.500000e-01  4.1068541891e-01  5.8931458109e-01
8.000000e-01  4.2189864969e-01  5.7810135031e-01
8.500000e-01  4.3844110897e-01  5.6155889103e-01
9.000000e-01  4.5844472966e-01  5.4155527034e-01
9.500000e-01  4.8006650840e-01  5.1993349160e-01
1.000000e+00  5.0158110150e-01  4.9841889850e-01
1.050000e+00  5.2145889809e-01  4.7854110191e-01
1.100000e+00  5.3842745105e-01  4.6157254895e-01
1.150000e+00  5.5151459966e-01  4.4848540034e-01
1.200000e+00  5.6007234786e-01  4.3992765214e-01
1.250000e+00  5.6378149333e-01  4.3621850667e-01
1.300000e+00  5.6263802344e-01  4.3736197656e-01
1.350000e+00  5.5692328628e-01  4.4307671372e-01
1.400000e+00  5.4716080090e-01  4.5283919910e-01
1.450000e+00  5.3406320736e-01  4.6593679264e-01
1.500000e+00  5.1847322371e-01  4.8152677629e-01
1.550000e+00  5.0130255627e-01  4.9869744373e-01
1.600000e+00  4.8347251528e-01  5.1652748472e-01
1.650000e+00  4.6585966047e-01  5.3414033953e-01
1.700000e+00  4.4924919555e-01  5.5075080445e-01
1.750000e+00  4.3429811055e-01  5.6570188945e-01
1.800000e+00  4.2150929952e-01  5.7849070048e-01
1.850000e+00  4.1121711366e-01  5.8878288634e-01
1.900000e+00  4.0358409430e-01  5.9641590570e-01
1.950000e+00  3.9860800231e-01  6.0139199769e-01
2.000000e+00  3.9613774648e-01  6.0386225352e-01
2.050000e+00  3.9589643051e-01  6.0410356949e-01
2.100000e+00  3.9750949454e-01  6.0249050546e-01
2.150000e+00  4.0053582319e-01  5.9946417681e-01
2.200000e+00  4.0449972146e-01  5.9550027854e-01
2.250000e+00  4.0892180834e-01  5.9107819166e-01
2.300000e+00  4.1334712757e-01  5.8665287243e-01
2.350000e+00  4.1736910077e-01  5.8263089923e-01
2.400000e+00  4.2064832485e-01  5.7935167515e-01
2.450000e+00  4.2292561557e-01  5.7707438443e-01
2.500000e+00  4.2402909567e-01  5.7597090433e-01
2.550000e+00  4.2387549669e-01  5.7612450331e-01
2.600000e+00  4.2246616701e-01  5.7753383299e-01
2.650000e+00  4.1987854163e-01  5.8012145837e-01
2.700000e+00  4.1625402088e-01  5.8374597912e-01
2.750000e+00  4.1178332201e-01  5.8821667799e-01
2.800000e+00  4.0669041000e-01  5.9330959000e-01
2.850000e+00  4.0121608660e-01  5.9878391340e-01
2.900000e+00  3.9560222936e-01  6.0439777064e-01
2.950000e+00  3.9007753499e-01  6.0992246501e-01
3.000000e+00  3.8484544837e-01  6.1515455163e-01
3.050000e+00  3.8007476313e-01  6.1992523687e-01
3.100000e+00  3.7589317500e-01  6.2410682500e-01
3.150000e+00  3.7238386945e-01  6.2761613055e-01
3.200000e+00  3.6958503995e-01  6.3041496005e-01
3.250000e+00  3.6749207322e-01  6.3250792678e-01
3.300000e+00  3.6606200881e-01  6.3393799119e-01
3.350000e+00  3.6521978731e-01  6.3478021269e-01
3.400000e+00  3.6486574589e-01  6.3513425411e-01
3.450000e+00  3.6488380125e-01  6.3511619875e-01
3.500000e+00  3.6514977606e-01  6.3485022394e-01
3.550000e+00  3.6553937049e-01  6.3446062951e-01
3.600000e+00  3.6593535088e-01  6.3406464912e-01
3.650000e+00  3.6623361568e-01  6.3376638432e-01
3.700000e+00  3.6634789754e-01  6.3365210246e-01
3.750000e+00  3.6621296397e-01  6.3378703603e-01
3.800000e+00  3.6578627958e-01  6.3421372042e-01
3.850000e+00  3.6504818608e-01  6.3495181392e-01
3.900000e+00  3.6400073672e-01  6.3599926328e-01
3.950000e+00  3.6266538626e-01  6.3733461374e-01
4.000000e+00  3.6107978414e-01  6.3892021586e-01
4.050000e+00  3.5929394618e-01  6.4070605382e-01
4.100000e+00  3.5736608849e-01  6.4263391151e-01
4.150000e+00  3.5535839911e-01  6.4464160089e-01
4.200000e+00  3.5333299908e-01  6.4666700092e-01
4.250000e+00  3.5134830852e-01  6.4865169148e-01
4.300000e+00  3.4945598865e-01  6.5054401135e-01
4.350000e+00  3.4769858026e-01  6.5230141974e-01
4.400000e+00  3.4610790647e-01  6.5389209353e-01
4.450000e+00  3.4470425702e-01  6.5529574298e-01
4.500000e+00  3.4349632381e-01  6.5650367619e-01
4.550000e+00  3.4248181705e-01  6.5751818295e-01
4.600000e+00  3.4164865875e-01  6.5835134125e-01
4.650000e+00  3.4097662704e-01  6.5902337296e-01
4.700000e+00  3.4043931111e-01  6.5956068889e-01
4.750000e+00  3.4000623250e-01  6.5999376750e-01
4.800000e+00  3.3964499305e-01  6.6035500695e-01
4.850000e+00  3.3932332204e-01  6.6067667796e-01
4.900000e+00  3.3901091371e-01  6.6098908629e-01
4.950000e+00  3.3868096909e-01  6.6131903091e-01
5.000000e+00  3.3831138194e-01  6.6168861806e-01
5.050000e+00  3.3788553512e-01  6.6211446488e-01
5.100000e+00  3.3739269979e-01  6.6260730021e-01
5.150000e+00  3.3682805347e-01  6.6317194653e-01
5.200000e+00  3.3619235370e-01  6.6380764630e-01
5.250000e+00  3.3549132051e-01  6.6450867949e-01
5.300000e+00  3.3473479208e-01  6.6526520792e-01
5.350000e+00  3.3393572544e-01  6.6606427456e-01
5.400000e+00  3.3310911534e-01  6.6689088466e-01
5.450000e+00  3.3227090234e-01  6.6772909766e-01
5.500000e+00  3.3143693451e-01  6.6856306549e-01
5.550000e+00  3.3062203778e-01  6.6937796222e-01
5.600000e+00  3.2983923813e-01  6.7016076187e-01
5.650000e+00  3.2909916582e-01  6.7090083418e-01
5.700000e+00  3.2840965814e-01  6.7159034186e-01
5.750000e+00  3.2777556410e-01  6.7222443590e-01
5.800000e+00  3.2719874250e-01  6.7280125750e-01
5.850000e+00  3.2667823408e-01  6.7332176592e-01
5.900000e+00  3.2621058083e-01  6.7378941917e-01
5.950000e+00  3.2579025901e-01  6.7420974099e-01
6.000000e+00  3.2541018966e-01  6.7458981034e-01
6.050000e+00  3.2506228914e-01  6.7493771086e-01
6.100000e+00  3.2473802390e-01  6.7526197610e-01
6.150000e+00  3.2442893660e-01  6.7557106340e-01
6.200000e+00  3.2412711608e-01  6.7587288392e-01
6.250000e+00  3.2382558932e-01  6.7617441068e-01
6.300000e+00  3.2351862031e-01  6.7648137969e-01
6.350000e+00  3.2320190780e-01  6.7679809220e-01
6.400000e+00  3.2287268040e-01  6.7712731960e-01
6.450000e+00  3.2252969360e-01  6.7747030640e-01
6.500000e+00  3.2217313876e-01  6.7782686124e-01
6.550000e+00  3.2180447787e-01  6.7819552213e-01
6.600000e+00  3.2142622123e-01  6.7857377877e-01
6.650000e+00  3.2104166645e-01  6.7895833355e-01
6.700000e+00  3.2065461787e-01  6.7934538213e-01
6.750000e+00  3.2026910454e-01  6.7973089546e-01
6.800000e+00  3.1988911339e-01  6.8011088661e-01
6.850000e+00  3.1951835145e-01  6.8048164855e-01
6.900000e+00  3.1916004817e-01  6.8083995183e-01
6.950000e+00  3.1881680529e-01  6.8118319471e-01
7.000000e+00  3.1849049819e-01  6.8150950181e-01
7.050000e+00  3.1818222954e-01  6.8181777046e-01
7.100000e+00  3.1789233252e-01  6.8210766748e-01
7.150000e+00  3.1762041871e-01  6.8237958129e-01
7.200000e+00  3.1736546331e-01  6.8263453669e-01
7.250000e+00  3.1712591910e-01  6.8287408090e-01
7.300000e+00  3.1689984960e-01  6.8310015040e-01
7.350000e+00  3.1668507192e-01  6.8331492808e-01
7.400000e+00  3.1647929986e-01  6.8352070014e-01
7.450000e+00  3.1628027909e-01  6.8371972091e-01
7.500000e+00  3.1608590724e-01  6.8391409276e-01
7.550000e+00  3.1589433340e-01  6.8410566660e-01
7.600000e+00  3.1570403338e-01  6.8429596662e-01
7.650000e+00  3.1551385868e-01  6.8448614132e-01
7.700000e+00  3.1532305892e-01  6.8467694108e-01
7.750000e+00  3.1513127916e-01  6.8486872084e-01
7.800000e+00  3.1493853455e-01  6.8506146545e-01
7.850000e+00  3.1474516629e-01  6.8525483371e-01
7.900000e+00  3.1455178303e-01  6.8544821697e-01
7.950000e+00  3.1435919281e-01  6.8564080719e-01
8.000000e+00  3.1416833017e-01  6.8583166983e-01
