1  5  0.50000000  -0.411860210007
2  6  0.50000000  -0.411860210007
5  1  0.50000000  -0.411860210007
6  2  0.50000000  -0.411860210007
1  5  0.57647059  -0.431190574928
2  6  0.57647059  -0.431190574928
5  1  0.57647059  -0.431190574928
6  2  0.57647059  -0.431190574928
1  5  0.65294118  -0.450908884635
2  6  0.65294118  -0.450908884635
5  1  0.65294118  -0.450908884635
6  2  0.65294118  -0.450908884635
1  5  0.72941176  -0.470860903201
2  6  0.72941176  -0.470860903201
5  1  0.72941176  -0.470860903201
6  2  0.72941176  -0.470860903201
1  5  0.80588235  -0.490921726185
2  6  0.80588235  -0.490921726185
5  1  0.80588235  -0.490921726185
6  2  0.80588235  -0.490921726185
1  5  0.88235294  -0.510984262844
2  6  0.88235294  -0.510984262844
5  1  0.88235294  -0.510984262844
6  2  0.88235294  -0.510984262844
1  5  0.95882353  -0.530954681483
2  6  0.95882353  -0.530954681483
5  1  0.95882353  -0.530954681483
6  2  0.95882353  -0.530954681483
1  5  1.03529412  -0.550749538787
2  6  1.03529412  -0.550749538787
5  1  1.03529412  -0.550749538787
6  2  1.03529412  -0.550749538787
1  5  1.11176471  -0.570295154254
2  6  1.11176471  -0.570295154254
5  1  1.11176471  -0.570295154254
6  2  1.11176471  -0.570295154254
1  5  1.18823529  -0.589516280397
2  6  1.18823529  -0.589516280397
5  1  1.18823529  -0.589516280397
6  2  1.18823529  -0.589516280397
1  5  1.26470588  -0.608349639169
2  6  1.26470588  -0.608349639169
5  1  1.26470588  -0.608349639169
6  2  1.26470588  -0.608349639169
1  5  1.34117647  -0.626739191666
2  6  1.34117647  -0.626739191666
5  1  1.34117647  -0.626739191666
6  2  1.34117647  -0.626739191666
1  5  1.41764706  -0.644642531562
2  6  1.41764706  -0.644642531562
5  1  1.41764706  -0.644642531562
6  2  1.41764706  -0.644642531562
1  5  1.49411765  -0.662030257738
2  6  1.49411765  -0.662030257738
5  1  1.49411765  -0.662030257738
6  2  1.49411765  -0.662030257738
1  5  1.57058824  -0.678883327780
2  6  1.57058824  -0.678883327780
5  1  1.57058824  -0.678883327780
6  2  1.57058824  -0.678883327780
1  5  1.64705882  -0.695190478716
2  6  1.64705882  -0.695190478716
5  1  1.64705882  -0.695190478716
6  2  1.64705882  -0.695190478716
1  5  1.72352941  -0.710946241072
2  6  1.72352941  -0.710946241072
5  1  1.72352941  -0.710946241072
6  2  1.72352941  -0.710946241072
1  5  1.80000000  -0.726149006913
2  6  1.80000000  -0.726149006913
5  1  1.80000000  -0.726149006913
6  2  1.80000000  -0.726149006913
1  5  1.87647059  -0.740799358659
2  6  1.87647059  -0.740799358659
5  1  1.87647059  -0.740799358659
6  2  1.87647059  -0.740799358659
1  5  1.95294118  -0.754899140866
2  6  1.95294118  -0.754899140866
5  1  1.95294118  -0.754899140866
6  2  1.95294118  -0.754899140866
1  5  2.02941176  -0.768450392916
2  6  2.02941176  -0.768450392916
5  1  2.02941176  -0.768450392916
6  2  2.02941176  -0.768450392916
1  5  2.10588235  -0.781455437104
2  6  2.10588235  -0.781455437104
5  1  2.10588235  -0.781455437104
6  2  2.10588235  -0.781455437104
1  5  2.18235294  -0.793916681178
2  6  2.18235294  -0.793916681178
5  1  2.18235294  -0.793916681178
6  2  2.18235294  -0.793916681178
1  5  2.25882353  -0.805836722638
2  6  2.25882353  -0.805836722638
5  1  2.25882353  -0.805836722638
6  2  2.25882353  -0.805836722638
1  5  2.33529412  -0.817218386530
2  6  2.33529412  -0.817218386530
5  1  2.33529412  -0.817218386530
6  2  2.33529412  -0.817218386530
1  5  2.41176471  -0.828064938026
2  6  2.41176471  -0.828064938026
5  1  2.41176471  -0.828064938026
6  2  2.41176471  -0.828064938026
1  5  2.48823529  -0.838380161009
2  6  2.48823529  -0.838380161009
5  1  2.48823529  -0.838380161009
6  2  2.48823529  -0.838380161009
1  5  2.56470588  -0.848168405625
2  6  2.56470588  -0.848168405625
5  1  2.56470588  -0.848168405625
6  2  2.56470588  -0.848168405625
1  5  2.64117647  -0.857434813065
2  6  2.64117647  -0.857434813065
5  1  2.64117647  -0.857434813065
6  2  2.64117647  -0.857434813065
1  5  2.71764706  -0.866185182186
2  6  2.71764706  -0.866185182186
5  1  2.71764706  -0.866185182186
6  2  2.71764706  -0.866185182186
1  5  2.79411765  -0.874426009211
2  6  2.79411765  -0.874426009211
5  1  2.79411765  -0.874426009211
6  2  2.79411765  -0.874426009211
1  5  2.87058824  -0.882164780080
2  6  2.87058824  -0.882164780080
5  1  2.87058824  -0.882164780080
6  2  2.87058824  -0.882164780080
1  5  2.94705882  -0.889409798887
2  6  2.94705882  -0.889409798887
5  1  2.94705882  -0.889409798887
6  2  2.94705882  -0.889409798887
1  5  3.02352941  -0.896170357918
2  6  3.02352941  -0.896170357918
5  1  3.02352941  -0.896170357918
6  2  3.02352941  -0.896170357918
1  5  3.10000000  -0.902456799629
2  6  3.10000000  -0.902456799629
5  1  3.10000000  -0.902456799629
6  2  3.10000000  -0.902456799629
1  5  3.17647059  -0.908280508931
2  6  3.17647059  -0.908280508931
5  1  3.17647059  -0.908280508931
6  2  3.17647059  -0.908280508931
1  5  3.25294118  -0.913654030070
2  6  3.25294118  -0.913654030070
5  1  3.25294118  -0.913654030070
6  2  3.25294118  -0.913654030070
1  5  3.32941176  -0.918590756780
2  6  3.32941176  -0.918590756780
5  1  3.32941176  -0.918590756780
6  2  3.32941176  -0.918590756780
1  5  3.40588235  -0.923104966357
2  6  3.40588235  -0.923104966357
5  1  3.40588235  -0.923104966357
6  2  3.40588235  -0.923104966357
1  5  3.48235294  -0.927211616153
2  6  3.48235294  -0.927211616153
5  1  3.48235294  -0.927211616153
6  2  3.48235294  -0.927211616153
1  5  3.55882353  -0.930926159027
2  6  3.55882353  -0.930926159027
5  1  3.55882353  -0.930926159027
6  2  3.55882353  -0.930926159027
1  5  3.63529412  -0.934264350904
2  6  3.63529412  -0.934264350904
5  1  3.63529412  -0.934264350904
6  2  3.63529412  -0.934264350904
1  5  3.71176471  -0.937242064221
2  6  3.71176471  -0.937242064221
5  1  3.71176471  -0.937242064221
6  2  3.71176471  -0.937242064221
1  5  3.78823529  -0.939875117542
2  6  3.78823529  -0.939875117542
5  1  3.78823529  -0.939875117542
6  2  3.78823529  -0.939875117542
1  5  3.86470588  -0.942179128807
2  6  3.86470588  -0.942179128807
5  1  3.86470588  -0.942179128807
6  2  3.86470588  -0.942179128807
1  5  3.94117647  -0.944169398528
2  6  3.94117647  -0.944169398528
5  1  3.94117647  -0.944169398528
6  2  3.94117647  -0.944169398528
1  5  4.01764706  -0.945860826332
2  6  4.01764706  -0.945860826332
5  1  4.01764706  -0.945860826332
6  2  4.01764706  -0.945860826332
1  5  4.09411765  -0.947267859598
2  6  4.09411765  -0.947267859598
5  1  4.09411765  -0.947267859598
6  2  4.09411765  -0.947267859598
1  5  4.17058824  -0.948404473878
2  6  4.17058824  -0.948404473878
5  1  4.17058824  -0.948404473878
6  2  4.17058824  -0.948404473878
1  5  4.24705882  -0.949284181137
2  6  4.24705882  -0.949284181137
5  1  4.24705882  -0.949284181137
6  2  4.24705882  -0.949284181137
1  5  4.32352941  -0.949920060395
2  6  4.32352941  -0.949920060395
5  1  4.32352941  -0.949920060395
6  2  4.32352941  -0.949920060395
1  5  4.40000000  -0.950324804613
2  6  4.40000000  -0.950324804613
5  1  4.40000000  -0.950324804613
6  2  4.40000000  -0.950324804613
1  5  4.47647059  -0.950510777452
2  6  4.47647059  -0.950510777452
5  1  4.47647059  -0.950510777452
6  2  4.47647059  -0.950510777452
1  5  4.55294118  -0.950490073755
2  6  4.55294118  -0.950490073755
5  1  4.55294118  -0.950490073755
6  2  4.55294118  -0.950490073755
1  5  4.62941176  -0.950274577942
2  6  4.62941176  -0.950274577942
5  1  4.62941176  -0.950274577942
6  2  4.62941176  -0.950274577942
1  5  4.70588235  -0.949876015459
2  6  4.70588235  -0.949876015459
5  1  4.70588235  -0.949876015459
6  2  4.70588235  -0.949876015459
1  5  4.78235294  -0.949305993834
2  6  4.78235294  -0.949305993834
5  1  4.78235294  -0.949305993834
6  2  4.78235294  -0.949305993834
1  5  4.85882353  -0.948576030770
2  6  4.85882353  -0.948576030770
5  1  4.85882353  -0.948576030770
6  2  4.85882353  -0.948576030770
1  5  4.93529412  -0.947697568261
2  6  4.93529412  -0.947697568261
5  1  4.93529412  -0.947697568261
6  2  4.93529412  -0.947697568261
1  5  5.01176471  -0.946681972716
2  6  5.01176471  -0.946681972716
5  1  5.01176471  -0.946681972716
6  2  5.01176471  -0.946681972716
1  5  5.08823529  -0.945540522226
2  6  5.08823529  -0.945540522226
5  1  5.08823529  -0.945540522226
6  2  5.08823529  -0.945540522226
1  5  5.16470588  -0.944284382969
2  6  5.16470588  -0.944284382969
5  1  5.16470588  -0.944284382969
6  2  5.16470588  -0.944284382969
1  5  5.24117647  -0.942924577278
2  6  5.24117647  -0.942924577278
5  1  5.24117647  -0.942924577278
6  2  5.24117647  -0.942924577278
1  5  5.31764706  -0.941471943209
2  6  5.31764706  -0.941471943209
5  1  5.31764706  -0.941471943209
6  2  5.31764706  -0.941471943209
1  5  5.39411765  -0.939937076137
2  6  5.39411765  -0.939937076137
5  1  5.39411765  -0.939937076137
6  2  5.39411765  -0.939937076137
1  5  5.47058824  -0.938330305358
2  6  5.47058824  -0.938330305358
5  1  5.47058824  -0.938330305358
6  2  5.47058824  -0.938330305358
1  5  5.54705882  -0.936661518597
2  6  5.54705882  -0.936661518597
5  1  5.54705882  -0.936661518597
6  2  5.54705882  -0.936661518597
1  5  5.62352941  -0.934940533299
2  6  5.62352941  -0.934940533299
5  1  5.62352941  -0.934940533299
6  2  5.62352941  -0.934940533299
1  5  5.70000000  -0.933176449726
2  6  5.70000000  -0.933176449726
5  1  5.70000000  -0.933176449726
6  2  5.70000000  -0.933176449726
1  5  5.77647059  -0.931378131119
2  6  5.77647059  -0.931378131119
5  1  5.77647059  -0.931378131119
6  2  5.77647059  -0.931378131119
1  5  5.85294118  -0.929554015243
2  6  5.85294118  -0.929554015243
5  1  5.85294118  -0.929554015243
6  2  5.85294118  -0.929554015243
1  5  5.92941176  -0.927711991984
2  6  5.92941176  -0.927711991984
5  1  5.92941176  -0.927711991984
6  2  5.92941176  -0.927711991984
1  5  6.00588235  -0.925859510407
2  6  6.00588235  -0.925859510407
5  1  6.00588235  -0.925859510407
6  2  6.00588235  -0.925859510407
1  5  6.08235294  -0.924003546168
2  6  6.08235294  -0.924003546168
5  1  6.08235294  -0.924003546168
6  2  6.08235294  -0.924003546168
1  5  6.15882353  -0.922150603519
2  6  6.15882353  -0.922150603519
5  1  6.15882353  -0.922150603519
6  2  6.15882353  -0.922150603519
1  5  6.23529412  -0.920306721583
2  6  6.23529412  -0.920306721583
5  1  6.23529412  -0.920306721583
6  2  6.23529412  -0.920306721583
1  5  6.31176471  -0.918477483848
2  6  6.31176471  -0.918477483848
5  1  6.31176471  -0.918477483848
6  2  6.31176471  -0.918477483848
1  5  6.38823529  -0.916668029839
2  6  6.38823529  -0.916668029839
5  1  6.38823529  -0.916668029839
6  2  6.38823529  -0.916668029839
1  5  6.46470588  -0.914883067995
2  6  6.46470588  -0.914883067995
5  1  6.46470588  -0.914883067995
6  2  6.46470588  -0.914883067995
1  5  6.54117647  -0.913126888966
2  6  6.54117647  -0.913126888966
5  1  6.54117647  -0.913126888966
6  2  6.54117647  -0.913126888966
1  5  6.61764706  -0.911403381405
2  6  6.61764706  -0.911403381405
5  1  6.61764706  -0.911403381405
6  2  6.61764706  -0.911403381405
1  5  6.69411765  -0.909716070792
2  6  6.69411765  -0.909716070792
5  1  6.69411765  -0.909716070792
6  2  6.69411765  -0.909716070792
1  5  6.77058824  -0.908068081379
2  6  6.77058824  -0.908068081379
5  1  6.77058824  -0.908068081379
6  2  6.77058824  -0.908068081379
1  5  6.84705882  -0.906462104401
2  6  6.84705882  -0.906462104401
5  1  6.84705882  -0.906462104401
6  2  6.84705882  -0.906462104401
1  5  6.92352941  -0.904900586424
2  6  6.92352941  -0.904900586424
5  1  6.92352941  -0.904900586424
6  2  6.92352941  -0.904900586424
1  5  7.00000000  -0.903385577295
2  6  7.00000000  -0.903385577295
5  1  7.00000000  -0.903385577295
6  2  7.00000000  -0.903385577295
1  5  7.07647059  -0.901918803915
2  6  7.07647059  -0.901918803915
5  1  7.07647059  -0.901918803915
6  2  7.07647059  -0.901918803915
1  5  7.15294118  -0.900501672543
2  6  7.15294118  -0.900501672543
5  1  7.15294118  -0.900501672543
6  2  7.15294118  -0.900501672543
1  5  7.22941176  -0.899135279995
2  6  7.22941176  -0.899135279995
5  1  7.22941176  -0.899135279995
6  2  7.22941176  -0.899135279995
1  5  7.30588235  -0.897820471061
2  6  7.30588235  -0.897820471061
5  1  7.30588235  -0.897820471061
6  2  7.30588235  -0.897820471061
1  5  7.38235294  -0.896557678632
2  6  7.38235294  -0.896557678632
5  1  7.38235294  -0.896557678632
6  2  7.38235294  -0.896557678632
1  5  7.45882353  -0.895347196308
2  6  7.45882353  -0.895347196308
5  1  7.45882353  -0.895347196308
6  2  7.45882353  -0.895347196308
1  5  7.53529412  -0.894189024371
2  6  7.53529412  -0.894189024371
5  1  7.53529412  -0.894189024371
6  2  7.53529412  -0.894189024371
1  5  7.61176471  -0.893082928720
2  6  7.61176471  -0.893082928720
5  1  7.61176471  -0.893082928720
6  2  7.61176471  -0.893082928720
1  5  7.68823529  -0.892028458514
2  6  7.68823529  -0.892028458514
5  1  7.68823529  -0.892028458514
6  2  7.68823529  -0.892028458514
1  5  7.76470588  -0.891024964490
2  6  7.76470588  -0.891024964490
5  1  7.76470588  -0.891024964490
6  2  7.76470588  -0.891024964490
1  5  7.84117647  -0.890071617818
2  6  7.84117647  -0.890071617818
5  1  7.84117647  -0.890071617818
6  2  7.84117647  -0.890071617818
1  5  7.91764706  -0.889167429230
2  6  7.91764706  -0.889167429230
5  1  7.91764706  -0.889167429230
6  2  7.91764706  -0.889167429230
1  5  7.99411765  -0.888311268146
2  6  7.99411765  -0.888311268146
5  1  7.99411765  -0.888311268146
6  2  7.99411765  -0.888311268146
1  5  8.07058824  -0.887501881524
2  6  8.07058824  -0.887501881524
5  1  8.07058824  -0.887501881524
6  2  8.07058824  -0.887501881524
1  5  8.14705882  -0.886737912224
2  6  8.14705882  -0.886737912224
5  1  8.14705882  -0.886737912224
6  2  8.14705882  -0.886737912224
1  5  8.22352941  -0.886017916676
2  6  8.22352941  -0.886017916676
5  1  8.22352941  -0.886017916676
6  2  8.22352941  -0.886017916676
1  5  8.30000000  -0.885340381701
2  6  8.30000000  -0.885340381701
5  1  8.30000000  -0.885340381701
6  2  8.30000000  -0.885340381701
1  5  8.37647059  -0.884703740352
2  6  8.37647059  -0.884703740352
5  1  8.37647059  -0.884703740352
6  2  8.37647059  -0.884703740352
1  5  8.45294118  -0.884106386675
2  6  8.45294118  -0.884106386675
5  1  8.45294118  -0.884106386675
6  2  8.45294118  -0.884106386675
1  5  8.52941176  -0.883546689317
2  6  8.52941176  -0.883546689317
5  1  8.52941176  -0.883546689317
6  2  8.52941176  -0.883546689317
1  5  8.60588235  -0.883023003929
2  6  8.60588235  -0.883023003929
5  1  8.60588235  -0.883023003929
6  2  8.60588235  -0.883023003929
1  5  8.68235294  -0.882533684352
2  6  8.68235294  -0.882533684352
5  1  8.68235294  -0.882533684352
6  2  8.68235294  -0.882533684352
1  5  8.75882353  -0.882077092585
2  6  8.75882353  -0.882077092585
5  1  8.75882353  -0.882077092585
6  2  8.75882353  -0.882077092585
1  5  8.83529412  -0.881651607562
2  6  8.83529412  -0.881651607562
5  1  8.83529412  -0.881651607562
6  2  8.83529412  -0.881651607562
1  5  8.91176471  -0.881255632785
2  6  8.91176471  -0.881255632785
5  1  8.91176471  -0.881255632785
6  2  8.91176471  -0.881255632785
1  5  8.98823529  -0.880887602878
2  6  8.98823529  -0.880887602878
5  1  8.98823529  -0.880887602878
6  2  8.98823529  -0.880887602878
1  5  9.06470588  -0.880545989118
2  6  9.06470588  -0.880545989118
5  1  9.06470588  -0.880545989118
6  2  9.06470588  -0.880545989118
1  5  9.14117647  -0.880229304038
2  6  9.14117647  -0.880229304038
5  1  9.14117647  -0.880229304038
6  2  9.14117647  -0.880229304038
1  5  9.21764706  -0.879936105154
2  6  9.21764706  -0.879936105154
5  1  9.21764706  -0.879936105154
6  2  9.21764706  -0.879936105154
1  5  9.29411765  -0.879664997921
2  6  9.29411765  -0.879664997921
5  1  9.29411765  -0.879664997921
6  2  9.29411765  -0.879664997921
1  5  9.37058824  -0.879414637990
2  6  9.37058824  -0.879414637990
5  1  9.37058824  -0.879414637990
6  2  9.37058824  -0.879414637990
1  5  9.44705882  -0.879183732766
2  6  9.44705882  -0.879183732766
5  1  9.44705882  -0.879183732766
6  2  9.44705882  -0.879183732766
1  5  9.52352941  -0.878971041395
2  6  9.52352941  -0.878971041395
5  1  9.52352941  -0.878971041395
6  2  9.52352941  -0.878971041395
1  5  9.60000000  -0.878775391402
2  6  9.60000000  -0.878775391402
5  1  9.60000000  -0.878775391402
6  2  9.60000000  -0.878775391402
1  5  9.67647059  -0.878595641629
2  6  9.67647059  -0.878595641629
5  1  9.67647059  -0.878595641629
6  2  9.67647059  -0.878595641629
1  5  9.75294118  -0.878430677956
2  6  9.75294118  -0.878430677956
5  1  9.75294118  -0.878430677956
6  2  9.75294118  -0.878430677956
1  5  9.82941176  -0.878279523931
2  6  9.82941176  -0.878279523931
5  1  9.82941176  -0.878279523931
6  2  9.82941176  -0.878279523931
1  5  9.90588235  -0.878141180947
2  6  9.90588235  -0.878141180947
5  1  9.90588235  -0.878141180947
6  2  9.90588235  -0.878141180947
1  5  9.98235294  -0.878014723387
2  6  9.98235294  -0.878014723387
5  1  9.98235294  -0.878014723387
6  2  9.98235294  -0.878014723387
1  5  10.05882353  -0.877899274422
2  6  10.05882353  -0.877899274422
5  1  10.05882353  -0.877899274422
6  2  10.05882353  -0.877899274422
1  5  10.13529412  -0.877794005319
2  6  10.13529412  -0.877794005319
5  1  10.13529412  -0.877794005319
6  2  10.13529412  -0.877794005319
1  5  10.21176471  -0.877698133719
2  6  10.21176471  -0.877698133719
5  1  10.21176471  -0.877698133719
6  2  10.21176471  -0.877698133719
1  5  10.28823529  -0.877610921932
2  6  10.28823529  -0.877610921932
5  1  10.28823529  -0.877610921932
6  2  10.28823529  -0.877610921932
1  5  10.36470588  -0.877531675326
2  6  10.36470588  -0.877531675326
5  1  10.36470588  -0.877531675326
6  2  10.36470588  -0.877531675326
1  5  10.44117647  -0.877459740739
2  6  10.44117647  -0.877459740739
5  1  10.44117647  -0.877459740739
6  2  10.44117647  -0.877459740739
1  5  10.51764706  -0.877394504882
2  6  10.51764706  -0.877394504882
5  1  10.51764706  -0.877394504882
6  2  10.51764706  -0.877394504882
1  5  10.59411765  -0.877335392687
2  6  10.59411765  -0.877335392687
5  1  10.59411765  -0.877335392687
6  2  10.59411765  -0.877335392687
1  5  10.67058824  -0.877281865909
2  6  10.67058824  -0.877281865909
5  1  10.67058824  -0.877281865909
6  2  10.67058824  -0.877281865909
1  5  10.74705882  -0.877233419945
2  6  10.74705882  -0.877233419945
5  1  10.74705882  -0.877233419945
6  2  10.74705882  -0.877233419945
1  5  10.82352941  -0.877189581716
2  6  10.82352941  -0.877189581716
5  1  10.82352941  -0.877189581716
6  2  10.82352941  -0.877189581716
1  5  10.90000000  -0.877149916116
2  6  10.90000000  -0.877149916116
5  1  10.90000000  -0.877149916116
6  2  10.90000000  -0.877149916116
1  5  10.97647059  -0.877114010922
2  6  10.97647059  -0.877114010922
5  1  10.97647059  -0.877114010922
6  2  10.97647059  -0.877114010922
1  5  11.05294118  -0.877081485716
2  6  11.05294118  -0.877081485716
5  1  11.05294118  -0.877081485716
6  2  11.05294118  -0.877081485716
1  5  11.12941176  -0.877051987793
2  6  11.12941176  -0.877051987793
5  1  11.12941176  -0.877051987793
6  2  11.12941176  -0.877051987793
1  5  11.20588235  -0.877025190084
2  6  11.20588235  -0.877025190084
5  1  11.20588235  -0.877025190084
6  2  11.20588235  -0.877025190084
1  5  11.28235294  -0.877000765556
2  6  11.28235294  -0.877000765556
5  1  11.28235294  -0.877000765556
6  2  11.28235294  -0.877000765556
1  5  11.35882353  -0.876978484510
2  6  11.35882353  -0.876978484510
5  1  11.35882353  -0.876978484510
6  2  11.35882353  -0.876978484510
1  5  11.43529412  -0.876958062766
2  6  11.43529412  -0.876958062766
5  1  11.43529412  -0.876958062766
6  2  11.43529412  -0.876958062766
1  5  11.51176471  -0.876939260195
2  6  11.51176471  -0.876939260195
5  1  11.51176471  -0.876939260195
6  2  11.51176471  -0.876939260195
1  5  11.58823529  -0.876921858976
2  6  11.58823529  -0.876921858976
5  1  11.58823529  -0.876921858976
6  2  11.58823529  -0.876921858976
1  5  11.66470588  -0.876905630742
2  6  11.66470588  -0.876905630742
5  1  11.66470588  -0.876905630742
6  2  11.66470588  -0.876905630742
1  5  11.74117647  -0.876890462591
2  6  11.74117647  -0.876890462591
5  1  11.74117647  -0.876890462591
6  2  11.74117647  -0.876890462591
1  5  11.81764706  -0.876876154013
2  6  11.81764706  -0.876876154013
5  1  11.81764706  -0.876876154013
6  2  11.81764706  -0.876876154013
1  5  11.89411765  -0.876862557185
2  6  11.89411765  -0.876862557185
5  1  11.89411765  -0.876862557185
6  2  11.89411765  -0.876862557185
1  5  11.97058824  -0.876849538279
2  6  11.97058824  -0.876849538279
5  1  11.97058824  -0.876849538279
6  2  11.97058824  -0.876849538279
1  5  12.04705882  -0.876836976967
2  6  12.04705882  -0.876836976967
5  1  12.04705882  -0.876836976967
6  2  12.04705882  -0.876836976967
1  5  12.12352941  -0.876824765642
2  6  12.12352941  -0.876824765642
5  1  12.12352941  -0.876824765642
6  2  12.12352941  -0.876824765642
1  5  12.20000000  -0.876812808606
2  6  12.20000000  -0.876812808606
5  1  12.20000000  -0.876812808606
6  2  12.20000000  -0.876812808606
1  5  12.27647059  -0.876801021265
2  6  12.27647059  -0.876801021265
5  1  12.27647059  -0.876801021265
6  2  12.27647059  -0.876801021265
1  5  12.35294118  -0.876789329350
2  6  12.35294118  -0.876789329350
5  1  12.35294118  -0.876789329350
6  2  12.35294118  -0.876789329350
1  5  12.42941176  -0.876777668165
2  6  12.42941176  -0.876777668165
5  1  12.42941176  -0.876777668165
6  2  12.42941176  -0.876777668165
1  5  12.50588235  -0.876765981868
2  6  12.50588235  -0.876765981868
5  1  12.50588235  -0.876765981868
6  2  12.50588235  -0.876765981868
1  5  12.58235294  -0.876754222787
2  6  12.58235294  -0.876754222787
5  1  12.58235294  -0.876754222787
6  2  12.58235294  -0.876754222787
1  5  12.65882353  -0.876742350755
2  6  12.65882353  -0.876742350755
5  1  12.65882353  -0.876742350755
6  2  12.65882353  -0.876742350755
1  5  12.73529412  -0.876730332494
2  6  12.73529412  -0.876730332494
5  1  12.73529412  -0.876730332494
6  2  12.73529412  -0.876730332494
1  5  12.81176471  -0.876718141010
2  6  12.81176471  -0.876718141010
5  1  12.81176471  -0.876718141010
6  2  12.81176471  -0.876718141010
1  5  12.88823529  -0.876705755034
2  6  12.88823529  -0.876705755034
5  1  12.88823529  -0.876705755034
6  2  12.88823529  -0.876705755034
1  5  12.96470588  -0.876693158486
2  6  12.96470588  -0.876693158486
5  1  12.96470588  -0.876693158486
6  2  12.96470588  -0.876693158486
1  5  13.04117647  -0.876680339968
2  6  13.04117647  -0.876680339968
5  1  13.04117647  -0.876680339968
6  2  13.04117647  -0.876680339968
1  5  13.11764706  -0.876667292288
2  6  13.11764706  -0.876667292288
5  1  13.11764706  -0.876667292288
6  2  13.11764706  -0.876667292288
1  5  13.19411765  -0.876654012013
2  6  13.19411765  -0.876654012013
5  1  13.19411765  -0.876654012013
6  2  13.19411765  -0.876654012013
1  5  13.27058824  -0.876640499046
2  6  13.27058824  -0.876640499046
5  1  13.27058824  -0.876640499046
6  2  13.27058824  -0.876640499046
1  5  13.34705882  -0.876626756236
2  6  13.34705882  -0.876626756236
5  1  13.34705882  -0.876626756236
6  2  13.34705882  -0.876626756236
1  5  13.42352941  -0.876612789010
2  6  13.42352941  -0.876612789010
5  1  13.42352941  -0.876612789010
6  2  13.42352941  -0.876612789010
1  5  13.50000000  -0.876598605029
2  6  13.50000000  -0.876598605029
5  1  13.50000000  -0.876598605029
6  2  13.50000000  -0.876598605029
1  5  13.57647059  -0.876584213874
2  6  13.57647059  -0.876584213874
5  1  13.57647059  -0.876584213874
6  2  13.57647059  -0.876584213874
1  5  13.65294118  -0.876569626755
2  6  13.65294118  -0.876569626755
5  1  13.65294118  -0.876569626755
6  2  13.65294118  -0.876569626755
1  5  13.72941176  -0.876554856236
2  6  13.72941176  -0.876554856236
5  1  13.72941176  -0.876554856236
6  2  13.72941176  -0.876554856236
1  5  13.80588235  -0.876539915992
2  6  13.80588235  -0.876539915992
5  1  13.80588235  -0.876539915992
6  2  13.80588235  -0.876539915992
1  5  13.88235294  -0.876524820582
2  6  13.88235294  -0.876524820582
5  1  13.88235294  -0.876524820582
6  2  13.88235294  -0.876524820582
1  5  13.95882353  -0.876509585240
2  6  13.95882353  -0.876509585240
5  1  13.95882353  -0.876509585240
6  2  13.95882353  -0.876509585240
1  5  14.03529412  -0.876494225691
2  6  14.03529412  -0.876494225691
5  1  14.03529412  -0.876494225691
6  2  14.03529412  -0.876494225691
1  5  14.11176471  -0.876478757981
2  6  14.11176471  -0.876478757981
5  1  14.11176471  -0.876478757981
6  2  14.11176471  -0.876478757981
1  5  14.18823529  -0.876463198323
2  6  14.18823529  -0.876463198323
5  1  14.18823529  -0.876463198323
6  2  14.18823529  -0.876463198323
1  5  14.26470588  -0.876447562969
2  6  14.26470588  -0.876447562969
5  1  14.26470588  -0.876447562969
6  2  14.26470588  -0.876447562969
1  5  14.34117647  -0.876431868080
2  6  14.34117647  -0.876431868080
5  1  14.34117647  -0.876431868080
6  2  14.34117647  -0.876431868080
1  5  14.41764706  -0.876416129630
2  6  14.41764706  -0.876416129630
5  1  14.41764706  -0.876416129630
6  2  14.41764706  -0.876416129630
1  5  14.49411765  -0.876400363305
2  6  14.49411765  -0.876400363305
5  1  14.49411765  -0.876400363305
6  2  14.49411765  -0.876400363305
1  5  14.57058824  -0.876384584430
2  6  14.57058824  -0.876384584430
5  1  14.57058824  -0.876384584430
6  2  14.57058824  -0.876384584430
1  5  14.64705882  -0.876368807897
2  6  14.64705882  -0.876368807897
5  1  14.64705882  -0.876368807897
6  2  14.64705882  -0.876368807897
1  5  14.72352941  -0.876353048108
2  6  14.72352941  -0.876353048108
5  1  14.72352941  -0.876353048108
6  2  14.72352941  -0.876353048108
1  5  14.80000000  -0.876337318928
2  6  14.80000000  -0.876337318928
5  1  14.80000000  -0.876337318928
6  2  14.80000000  -0.876337318928
1  5  14.87647059  -0.876321633646
2  6  14.87647059  -0.876321633646
5  1  14.87647059  -0.876321633646
6  2  14.87647059  -0.876321633646
1  5  14.95294118  -0.876306004943
2  6  14.95294118  -0.876306004943
5  1  14.95294118  -0.876306004943
6  2  14.95294118  -0.876306004943
1  5  15.02941176  -0.876290444869
2  6  15.02941176  -0.876290444869
5  1  15.02941176  -0.876290444869
6  2  15.02941176  -0.876290444869
1  5  15.10588235  -0.876274964830
2  6  15.10588235  -0.876274964830
5  1  15.10588235  -0.876274964830
6  2  15.10588235  -0.876274964830
1  5  15.18235294  -0.876259575572
2  6  15.18235294  -0.876259575572
5  1  15.18235294  -0.876259575572
6  2  15.18235294  -0.876259575572
1  5  15.25882353  -0.876244287180
2  6  15.25882353  -0.876244287180
5  1  15.25882353  -0.876244287180
6  2  15.25882353  -0.876244287180
1  5  15.33529412  -0.876229109079
2  6  15.33529412  -0.876229109079
5  1  15.33529412  -0.876229109079
6  2  15.33529412  -0.876229109079
1  5  15.41176471  -0.876214050034
2  6  15.41176471  -0.876214050034
5  1  15.41176471  -0.876214050034
6  2  15.41176471  -0.876214050034
1  5  15.48823529  -0.876199045340
2  6  15.48823529  -0.876199045340
5  1  15.48823529  -0.876199045340
6  2  15.48823529  -0.876199045340
1  5  15.56470588  -0.876184246352
2  6  15.56470588  -0.876184246352
5  1  15.56470588  -0.876184246352
6  2  15.56470588  -0.876184246352
1  5  15.64117647  -0.876169588811
2  6  15.64117647  -0.876169588811
5  1  15.64117647  -0.876169588811
6  2  15.64117647  -0.876169588811
1  5  15.71764706  -0.876155078962
2  6  15.71764706  -0.876155078962
5  1  15.71764706  -0.876155078962
6  2  15.71764706  -0.876155078962
1  5  15.79411765  -0.876140722464
2  6  15.79411765  -0.876140722464
5  1  15.79411765  -0.876140722464
6  2  15.79411765  -0.876140722464
1  5  15.87058824  -0.876126524404
2  6  15.87058824  -0.876126524404
5  1  15.87058824  -0.876126524404
6  2  15.87058824  -0.876126524404
1  5  15.94705882  -0.876112489321
2  6  15.94705882  -0.876112489321
5  1  15.94705882  -0.876112489321
6  2  15.94705882  -0.876112489321
1  5  16.02352941  -0.876098621229
2  6  16.02352941  -0.876098621229
5  1  16.02352941  -0.876098621229
6  2  16.02352941  -0.876098621229
1  5  16.10000000  -0.876084923636
2  6  16.10000000  -0.876084923636
5  1  16.10000000  -0.876084923636
6  2  16.10000000  -0.876084923636
1  5  16.17647059  -0.876071399575
2  6  16.17647059  -0.876071399575
5  1  16.17647059  -0.876071399575
6  2  16.17647059  -0.876071399575
1  5  16.25294118  -0.876058051621
2  6  16.25294118  -0.876058051621
5  1  16.25294118  -0.876058051621
6  2  16.25294118  -0.876058051621
1  5  16.32941176  -0.876044881918
2  6  16.32941176  -0.876044881918
5  1  16.32941176  -0.876044881918
6  2  16.32941176  -0.876044881918
1  5  16.40588235  -0.876031892204
2  6  16.40588235  -0.876031892204
5  1  16.40588235  -0.876031892204
6  2  16.40588235  -0.876031892204
1  5  16.48235294  -0.876019083830
2  6  16.48235294  -0.876019083830
5  1  16.48235294  -0.876019083830
6  2  16.48235294  -0.876019083830
1  5  16.55882353  -0.876006457791
2  6  16.55882353  -0.876006457791
5  1  16.55882353  -0.876006457791
6  2  16.55882353  -0.876006457791
1  5  16.63529412  -0.875994014743
2  6  16.63529412  -0.875994014743
5  1  16.63529412  -0.875994014743
6  2  16.63529412  -0.875994014743
1  5  16.71176471  -0.875981755026
2  6  16.71176471  -0.875981755026
5  1  16.71176471  -0.875981755026
6  2  16.71176471  -0.875981755026
1  5  16.78823529  -0.875969678688
2  6  16.78823529  -0.875969678688
5  1  16.78823529  -0.875969678688
6  2  16.78823529  -0.875969678688
1  5  16.86470588  -0.875957785506
2  6  16.86470588  -0.875957785506
5  1  16.86470588  -0.875957785506
6  2  16.86470588  -0.875957785506
1  5  16.94117647  -0.875946075004
2  6  16.94117647  -0.875946075004
5  1  16.94117647  -0.875946075004
6  2  16.94117647  -0.875946075004
1  5  17.01764706  -0.875934546476
2  6  17.01764706  -0.875934546476
5  1  17.01764706  -0.875934546476
6  2  17.01764706  -0.875934546476
1  5  17.09411765  -0.875923199002
2  6  17.09411765  -0.875923199002
5  1  17.09411765  -0.875923199002
6  2  17.09411765  -0.875923199002
1  5  17.17058824  -0.875912031466
2  6  17.17058824  -0.875912031466
5  1  17.17058824  -0.875912031466
6  2  17.17058824  -0.875912031466
1  5  17.24705882  -0.875901042577
2  6  17.24705882  -0.875901042577
5  1  17.24705882  -0.875901042577
6  2  17.24705882  -0.875901042577
1  5  17.32352941  -0.875890230881
2  6  17.32352941  -0.875890230881
5  1  17.32352941  -0.875890230881
6  2  17.32352941  -0.875890230881
1  5  17.40000000  -0.875879594776
2  6  17.40000000  -0.875879594776
5  1  17.40000000  -0.875879594776
6  2  17.40000000  -0.875879594776
1  5  17.47647059  -0.875869132533
2  6  17.47647059  -0.875869132533
5  1  17.47647059  -0.875869132533
6  2  17.47647059  -0.875869132533
1  5  17.55294118  -0.875858842302
2  6  17.55294118  -0.875858842302
5  1  17.55294118  -0.875858842302
6  2  17.55294118  -0.875858842302
1  5  17.62941176  -0.875848722129
2  6  17.62941176  -0.875848722129
5  1  17.62941176  -0.875848722129
6  2  17.62941176  -0.875848722129
1  5  17.70588235  -0.875838769969
2  6  17.70588235  -0.875838769969
5  1  17.70588235  -0.875838769969
6  2  17.70588235  -0.875838769969
1  5  17.78235294  -0.875828983696
2  6  17.78235294  -0.875828983696
5  1  17.78235294  -0.875828983696
6  2  17.78235294  -0.875828983696
1  5  17.85882353  -0.875819361112
2  6  17.85882353  -0.875819361112
5  1  17.85882353  -0.875819361112
6  2  17.85882353  -0.875819361112
1  5  17.93529412  -0.875809899961
2  6  17.93529412  -0.875809899961
5  1  17.93529412  -0.875809899961
6  2  17.93529412  -0.875809899961
1  5  18.01176471  -0.875800597933
2  6  18.01176471  -0.875800597933
5  1  18.01176471  -0.875800597933
6  2  18.01176471  -0.875800597933
1  5  18.08823529  -0.875791452679
2  6  18.08823529  -0.875791452679
5  1  18.08823529  -0.875791452679
6  2  18.08823529  -0.875791452679
1  5  18.16470588  -0.875782461815
2  6  18.16470588  -0.875782461815
5  1  18.16470588  -0.875782461815
6  2  18.16470588  -0.875782461815
1  5  18.24117647  -0.875773622926
2  6  18.24117647  -0.875773622926
5  1  18.24117647  -0.875773622926
6  2  18.24117647  -0.875773622926
1  5  18.31764706  -0.875764933583
2  6  18.31764706  -0.875764933583
5  1  18.31764706  -0.875764933583
6  2  18.31764706  -0.875764933583
1  5  18.39411765  -0.875756391337
2  6  18.39411765  -0.875756391337
5  1  18.39411765  -0.875756391337
6  2  18.39411765  -0.875756391337
1  5  18.47058824  -0.875747993735
2  6  18.47058824  -0.875747993735
5  1  18.47058824  -0.875747993735
6  2  18.47058824  -0.875747993735
1  5  18.54705882  -0.875739738319
2  6  18.54705882  -0.875739738319
5  1  18.54705882  -0.875739738319
6  2  18.54705882  -0.875739738319
1  5  18.62352941  -0.875731622632
2  6  18.62352941  -0.875731622632
5  1  18.62352941  -0.875731622632
6  2  18.62352941  -0.875731622632
1  5  18.70000000  -0.875723644224
2  6  18.70000000  -0.875723644224
5  1  18.70000000  -0.875723644224
6  2  18.70000000  -0.875723644224
1  5  18.77647059  -0.875715800654
2  6  18.77647059  -0.875715800654
5  1  18.77647059  -0.875715800654
6  2  18.77647059  -0.875715800654
1  5  18.85294118  -0.875708089497
2  6  18.85294118  -0.875708089497
5  1  18.85294118  -0.875708089497
6  2  18.85294118  -0.875708089497
1  5  18.92941176  -0.875700508341
2  6  18.92941176  -0.875700508341
5  1  18.92941176  -0.875700508341
6  2  18.92941176  -0.875700508341
1  5  19.00588235  -0.875693054795
2  6  19.00588235  -0.875693054795
5  1  19.00588235  -0.875693054795
6  2  19.00588235  -0.875693054795
1  5  19.08235294  -0.875685726491
2  6  19.08235294  -0.875685726491
5  1  19.08235294  -0.875685726491
6  2  19.08235294  -0.875685726491
1  5  19.15882353  -0.875678521084
2  6  19.15882353  -0.875678521084
5  1  19.15882353  -0.875678521084
6  2  19.15882353  -0.875678521084
1  5  19.23529412  -0.875671436255
2  6  19.23529412  -0.875671436255
5  1  19.23529412  -0.875671436255
6  2  19.23529412  -0.875671436255
1  5  19.31176471  -0.875664469715
2  6  19.31176471  -0.875664469715
5  1  19.31176471  -0.875664469715
6  2  19.31176471  -0.875664469715
1  5  19.38823529  -0.875657619202
2  6  19.38823529  -0.875657619202
5  1  19.38823529  -0.875657619202
6  2  19.38823529  -0.875657619202
1  5  19.46470588  -0.875650882487
2  6  19.46470588  -0.875650882487
5  1  19.46470588  -0.875650882487
6  2  19.46470588  -0.875650882487
1  5  19.54117647  -0.875644257372
2  6  19.54117647  -0.875644257372
5  1  19.54117647  -0.875644257372
6  2  19.54117647  -0.875644257372
1  5  19.61764706  -0.875637741692
2  6  19.61764706  -0.875637741692
5  1  19.61764706  -0.875637741692
6  2  19.61764706  -0.875637741692
1  5  19.69411765  -0.875631333316
2  6  19.69411765  -0.875631333316
5  1  19.69411765  -0.875631333316
6  2  19.69411765  -0.875631333316
1  5  19.77058824  -0.875625030147
2  6  19.77058824  -0.875625030147
5  1  19.77058824  -0.875625030147
6  2  19.77058824  -0.875625030147
1  5  19.84705882  -0.875618830123
2  6  19.84705882  -0.875618830123
5  1  19.84705882  -0.875618830123
6  2  19.84705882  -0.875618830123
1  5  19.92352941  -0.875612731218
2  6  19.92352941  -0.875612731218
5  1  19.92352941  -0.875612731218
6  2  19.92352941  -0.875612731218
1  5  20.00000000  -0.875606731441
2  6  20.00000000  -0.875606731441
5  1  20.00000000  -0.875606731441
6  2  20.00000000  -0.875606731441
