1  7  0.50000000  -0.411860210004
2  8  0.50000000  -0.411860210004
7  1  0.50000000  -0.411860210004
8  2  0.50000000  -0.411860210004
1  7  0.57647059  -0.431190574928
2  8  0.57647059  -0.431190574928
7  1  0.57647059  -0.431190574928
8  2  0.57647059  -0.431190574928
1  7  0.65294118  -0.450908855095
2  8  0.65294118  -0.450908855095
7  1  0.65294118  -0.450908855095
8  2  0.65294118  -0.450908855095
1  7  0.72941176  -0.470860903201
2  8  0.72941176  -0.470860903201
7  1  0.72941176  -0.470860903201
8  2  0.72941176  -0.470860903201
1  7  0.80588235  -0.490921726186
2  8  0.80588235  -0.490921726186
7  1  0.80588235  -0.490921726186
8  2  0.80588235  -0.490921726186
1  7  0.88235294  -0.510984262844
2  8  0.88235294  -0.510984262844
7  1  0.88235294  -0.510984262844
8  2  0.88235294  -0.510984262844
1  7  0.95882353  -0.530954681483
2  8  0.95882353  -0.530954681483
7  1  0.95882353  -0.530954681483
8  2  0.95882353  -0.530954681483
1  7  1.03529412  -0.550749538787
2  8  1.03529412  -0.550749538787
7  1  1.03529412  -0.550749538787
8  2  1.03529412  -0.550749538787
1  7  1.11176471  -0.570295154254
2  8  1.11176471  -0.570295154254
7  1  1.11176471  -0.570295154254
8  2  1.11176471  -0.570295154254
1  7  1.18823529  -0.589516280397
2  8  1.18823529  -0.589516280397
7  1  1.18823529  -0.589516280397
8  2  1.18823529  -0.589516280397
1  7  1.26470588  -0.608349639169
2  8  1.26470588  -0.608349639169
7  1  1.26470588  -0.608349639169
8  2  1.26470588  -0.608349639169
1  7  1.34117647  -0.626739191666
2  8  1.34117647  -0.626739191666
7  1  1.34117647  -0.626739191666
8  2  1.34117647  -0.626739191666
1  7  1.41764706  -0.644642531562
2  8  1.41764706  -0.644642531562
7  1  1.41764706  -0.644642531562
8  2  1.41764706  -0.644642531562
1  7  1.49411765  -0.662030257738
2  8  1.49411765  -0.662030257738
7  1  1.49411765  -0.662030257738
8  2  1.49411765  -0.662030257738
1  7  1.57058824  -0.678883327780
2  8  1.57058824  -0.678883327780
7  1  1.57058824  -0.678883327780
8  2  1.57058824  -0.678883327780
1  7  1.64705882  -0.695190478716
2  8  1.64705882  -0.695190478716
7  1  1.64705882  -0.695190478716
8  2  1.64705882  -0.695190478716
1  7  1.72352941  -0.710946241072
2  8  1.72352941  -0.710946241072
7  1  1.72352941  -0.710946241072
8  2  1.72352941  -0.710946241072
1  7  1.80000000  -0.726149006913
2  8  1.80000000  -0.726149006913
7  1  1.80000000  -0.726149006913
8  2  1.80000000  -0.726149006913
1  7  1.87647059  -0.740799358659
2  8  1.87647059  -0.740799358659
7  1  1.87647059  -0.740799358659
8  2  1.87647059  -0.740799358659
1  7  1.95294118  -0.754899140866
2  8  1.95294118  -0.754899140866
7  1  1.95294118  -0.754899140866
8  2  1.95294118  -0.754899140866
1  7  2.02941176  -0.768450392916
2  8  2.02941176  -0.768450392916
7  1  2.02941176  -0.768450392916
8  2  2.02941176  -0.768450392916
1  7  2.10588235  -0.781455437104
2  8  2.10588235  -0.781455437104
7  1  2.10588235  -0.781455437104
8  2  2.10588235  -0.781455437104
1  7  2.18235294  -0.793916681178
2  8  2.18235294  -0.793916681178
7  1  2.18235294  -0.793916681178
8  2  2.18235294  -0.793916681178
1  7  2.25882353  -0.805836722638
2  8  2.25882353  -0.805836722638
7  1  2.25882353  -0.805836722638
8  2  2.25882353  -0.805836722638
1  7  2.33529412  -0.817218386530
2  8  2.33529412  -0.817218386530
7  1  2.33529412  -0.817218386530
8  2  2.33529412  -0.817218386530
1  7  2.41176471  -0.828064938026
2  8  2.41176471  -0.828064938026
7  1  2.41176471  -0.828064938026
8  2  2.41176471  -0.828064938026
1  7  2.48823529  -0.838380161009
2  8  2.48823529  -0.838380161009
7  1  2.48823529  -0.838380161009
8  2  2.48823529  -0.838380161009
1  7  2.56470588  -0.848168405625
2  8  2.56470588  -0.848168405625
7  1  2.56470588  -0.848168405625
8  2  2.56470588  -0.848168405625
1  7  2.64117647  -0.857434813065
2  8  2.64117647  -0.857434813065
7  1  2.64117647  -0.857434813065
8  2  2.64117647  -0.857434813065
1  7  2.71764706  -0.866185182186
2  8  2.71764706  -0.866185182186
7  1  2.71764706  -0.866185182186
8  2  2.71764706  -0.866185182186
1  7  2.79411765  -0.874426009211
2  8  2.79411765  -0.874426009211
7  1  2.79411765  -0.874426009211
8  2  2.79411765  -0.874426009211
1  7  2.87058824  -0.882164780080
2  8  2.87058824  -0.882164780080
7  1  2.87058824  -0.882164780080
8  2  2.87058824  -0.882164780080
1  7  2.94705882  -0.889409798887
2  8  2.94705882  -0.889409798887
7  1  2.94705882  -0.889409798887
8  2  2.94705882  -0.889409798887
1  7  3.02352941  -0.896170357918
2  8  3.02352941  -0.896170357918
7  1  3.02352941  -0.896170357918
8  2  3.02352941  -0.896170357918
1  7  3.10000000  -0.902456799629
2  8  3.10000000  -0.902456799629
7  1  3.10000000  -0.902456799629
8  2  3.10000000  -0.902456799629
1  7  3.17647059  -0.908280508931
2  8  3.17647059  -0.908280508931
7  1  3.17647059  -0.908280508931
8  2  3.17647059  -0.908280508931
1  7  3.25294118  -0.913654030070
2  8  3.25294118  -0.913654030070
7  1  3.25294118  -0.913654030070
8  2  3.25294118  -0.913654030070
1  7  3.32941176  -0.918590756780
2  8  3.32941176  -0.918590756780
7  1  3.32941176  -0.918590756780
8  2  3.32941176  -0.918590756780
1  7  3.40588235  -0.923104966357
2  8  3.40588235  -0.923104966357
7  1  3.40588235  -0.923104966357
8  2  3.40588235  -0.923104966357
1  7  3.48235294  -0.927211616153
2  8  3.48235294  -0.927211616153
7  1  3.48235294  -0.927211616153
8  2  3.48235294  -0.927211616153
1  7  3.55882353  -0.930926159027
2  8  3.55882353  -0.930926159027
7  1  3.55882353  -0.930926159027
8  2  3.55882353  -0.930926159027
1  7  3.63529412  -0.934264350904
2  8  3.63529412  -0.934264350904
7  1  3.63529412  -0.934264350904
8  2  3.63529412  -0.934264350904
1  7  3.71176471  -0.937242064221
2  8  3.71176471  -0.937242064221
7  1  3.71176471  -0.937242064221
8  2  3.71176471  -0.937242064221
1  7  3.78823529  -0.939875117542
2  8  3.78823529  -0.939875117542
7  1  3.78823529  -0.939875117542
8  2  3.78823529  -0.939875117542
1  7  3.86470588  -0.942179128807
2  8  3.86470588  -0.942179128807
7  1  3.86470588  -0.942179128807
8  2  3.86470588  -0.942179128807
1  7  3.94117647  -0.944169398528
2  8  3.94117647  -0.944169398528
7  1  3.94117647  -0.944169398528
8  2  3.94117647  -0.944169398528
1  7  4.01764706  -0.945860826332
2  8  4.01764706  -0.945860826332
7  1  4.01764706  -0.945860826332
8  2  4.01764706  -0.945860826332
1  7  4.09411765  -0.947267859598
2  8  4.09411765  -0.947267859598
7  1  4.09411765  -0.947267859598
8  2  4.09411765  -0.947267859598
1  7  4.17058824  -0.948404473878
2  8  4.17058824  -0.948404473878
7  1  4.17058824  -0.948404473878
8  2  4.17058824  -0.948404473878
1  7  4.24705882  -0.949284181137
2  8  4.24705882  -0.949284181137
7  1  4.24705882  -0.949284181137
8  2  4.24705882  -0.949284181137
1  7  4.32352941  -0.949920060395
2  8  4.32352941  -0.949920060395
7  1  4.32352941  -0.949920060395
8  2  4.32352941  -0.949920060395
1  7  4.40000000  -0.950324804613
2  8  4.40000000  -0.950324804613
7  1  4.40000000  -0.950324804613
8  2  4.40000000  -0.950324804613
1  7  4.47647059  -0.950510777452
2  8  4.47647059  -0.950510777452
7  1  4.47647059  -0.950510777452
8  2  4.47647059  -0.950510777452
1  7  4.55294118  -0.950490073755
2  8  4.55294118  -0.950490073755
7  1  4.55294118  -0.950490073755
8  2  4.55294118  -0.950490073755
1  7  4.62941176  -0.950274577942
2  8  4.62941176  -0.950274577942
7  1  4.62941176  -0.950274577942
8  2  4.62941176  -0.950274577942
1  7  4.70588235  -0.949876015459
2  8  4.70588235  -0.949876015459
7  1  4.70588235  -0.949876015459
8  2  4.70588235  -0.949876015459
1  7  4.78235294  -0.949305993834
2  8  4.78235294  -0.949305993834
7  1  4.78235294  -0.949305993834
8  2  4.78235294  -0.949305993834
1  7  4.85882353  -0.948576030770
2  8  4.85882353  -0.948576030770
7  1  4.85882353  -0.948576030770
8  2  4.85882353  -0.948576030770
1  7  4.93529412  -0.947697568261
2  8  4.93529412  -0.947697568261
7  1  4.93529412  -0.947697568261
8  2  4.93529412  -0.947697568261
1  7  5.01176471  -0.946681972716
2  8  5.01176471  -0.946681972716
7  1  5.01176471  -0.946681972716
8  2  5.01176471  -0.946681972716
1  7  5.08823529  -0.945540522226
2  8  5.08823529  -0.945540522226
7  1  5.08823529  -0.945540522226
8  2  5.08823529  -0.945540522226
1  7  5.16470588  -0.944284382969
2  8  5.16470588  -0.944284382969
7  1  5.16470588  -0.944284382969
8  2  5.16470588  -0.944284382969
1  7  5.24117647  -0.942924577278
2  8  5.24117647  -0.942924577278
7  1  5.24117647  -0.942924577278
8  2  5.24117647  -0.942924577278
1  7  5.31764706  -0.941471943209
2  8  5.31764706  -0.941471943209
7  1  5.31764706  -0.941471943209
8  2  5.31764706  -0.941471943209
1  7  5.39411765  -0.939937076137
2  8  5.39411765  -0.939937076137
7  1  5.39411765  -0.939937076137
8  2  5.39411765  -0.939937076137
1  7  5.47058824  -0.938330305358
2  8  5.47058824  -0.938330305358
7  1  5.47058824  -0.938330305358
8  2  5.47058824  -0.938330305358
1  7  5.54705882  -0.936661518597
2  8  5.54705882  -0.936661518597
7  1  5.54705882  -0.936661518597
8  2  5.54705882  -0.936661518597
1  7  5.62352941  -0.934940533299
2  8  5.62352941  -0.934940533299
7  1  5.62352941  -0.934940533299
8  2  5.62352941  -0.934940533299
1  7  5.70000000  -0.933176449726
2  8  5.70000000  -0.933176449726
7  1  5.70000000  -0.933176449726
8  2  5.70000000  -0.933176449726
1  7  5.77647059  -0.931378131119
2  8  5.77647059  -0.931378131119
7  1  5.77647059  -0.931378131119
8  2  5.77647059  -0.931378131119
1  7  5.85294118  -0.929554015243
2  8  5.85294118  -0.929554015243
7  1  5.85294118  -0.929554015243
8  2  5.85294118  -0.929554015243
1  7  5.92941176  -0.927711991984
2  8  5.92941176  -0.927711991984
7  1  5.92941176  -0.927711991984
8  2  5.92941176  -0.927711991984
1  7  6.00588235  -0.925859510407
2  8  6.00588235  -0.925859510407
7  1  6.00588235  -0.925859510407
8  2  6.00588235  -0.925859510407
1  7  6.08235294  -0.924003546168
2  8  6.08235294  -0.924003546168
7  1  6.08235294  -0.924003546168
8  2  6.08235294  -0.924003546168
1  7  6.15882353  -0.922150603519
2  8  6.15882353  -0.922150603519
7  1  6.15882353  -0.922150603519
8  2  6.15882353  -0.922150603519
1  7  6.23529412  -0.920306721583
2  8  6.23529412  -0.920306721583
7  1  6.23529412  -0.920306721583
8  2  6.23529412  -0.920306721583
1  7  6.31176471  -0.918477483848
2  8  6.31176471  -0.918477483848
7  1  6.31176471  -0.918477483848
8  2  6.31176471  -0.918477483848
1  7  6.38823529  -0.916668029839
2  8  6.38823529  -0.916668029839
7  1  6.38823529  -0.916668029839
8  2  6.38823529  -0.916668029839
1  7  6.46470588  -0.914883067995
2  8  6.46470588  -0.914883067995
7  1  6.46470588  -0.914883067995
8  2  6.46470588  -0.914883067995
1  7  6.54117647  -0.913126888966
2  8  6.54117647  -0.913126888966
7  1  6.54117647  -0.913126888966
8  2  6.54117647  -0.913126888966
1  7  6.61764706  -0.911403381405
2  8  6.61764706  -0.911403381405
7  1  6.61764706  -0.911403381405
8  2  6.61764706  -0.911403381405
1  7  6.69411765  -0.909716070792
2  8  6.69411765  -0.909716070792
7  1  6.69411765  -0.909716070792
8  2  6.69411765  -0.909716070792
1  7  6.77058824  -0.908068081379
2  8  6.77058824  -0.908068081379
7  1  6.77058824  -0.908068081379
8  2  6.77058824  -0.908068081379
1  7  6.84705882  -0.906462104401
2  8  6.84705882  -0.906462104401
7  1  6.84705882  -0.906462104401
8  2  6.84705882  -0.906462104401
1  7  6.92352941  -0.904900586424
2  8  6.92352941  -0.904900586424
7  1  6.92352941  -0.904900586424
8  2  6.92352941  -0.904900586424
1  7  7.00000000  -0.903385577295
2  8  7.00000000  -0.903385577295
7  1  7.00000000  -0.903385577295
8  2  7.00000000  -0.903385577295
1  7  7.07647059  -0.901918803915
2  8  7.07647059  -0.901918803915
7  1  7.07647059  -0.901918803915
8  2  7.07647059  -0.901918803915
1  7  7.15294118  -0.900501672543
2  8  7.15294118  -0.900501672543
7  1  7.15294118  -0.900501672543
8  2  7.15294118  -0.900501672543
1  7  7.22941176  -0.899135279995
2  8  7.22941176  -0.899135279995
7  1  7.22941176  -0.899135279995
8  2  7.22941176  -0.899135279995
1  7  7.30588235  -0.897820471061
2  8  7.30588235  -0.897820471061
7  1  7.30588235  -0.897820471061
8  2  7.30588235  -0.897820471061
1  7  7.38235294  -0.896557678632
2  8  7.38235294  -0.896557678632
7  1  7.38235294  -0.896557678632
8  2  7.38235294  -0.896557678632
1  7  7.45882353  -0.895347196308
2  8  7.45882353  -0.895347196308
7  1  7.45882353  -0.895347196308
8  2  7.45882353  -0.895347196308
1  7  7.53529412  -0.894189024371
2  8  7.53529412  -0.894189024371
7  1  7.53529412  -0.894189024371
8  2  7.53529412  -0.894189024371
1  7  7.61176471  -0.893082928720
2  8  7.61176471  -0.893082928720
7  1  7.61176471  -0.893082928720
8  2  7.61176471  -0.893082928720
1  7  7.68823529  -0.892028458514
2  8  7.68823529  -0.892028458514
7  1  7.68823529  -0.892028458514
8  2  7.68823529  -0.892028458514
1  7  7.76470588  -0.891024964490
2  8  7.76470588  -0.891024964490
7  1  7.76470588  -0.891024964490
8  2  7.76470588  -0.891024964490
1  7  7.84117647  -0.890071617818
2  8  7.84117647  -0.890071617818
7  1  7.84117647  -0.890071617818
8  2  7.84117647  -0.890071617818
1  7  7.91764706  -0.889167429230
2  8  7.91764706  -0.889167429230
7  1  7.91764706  -0.889167429230
8  2  7.91764706  -0.889167429230
1  7  7.99411765  -0.888311268146
2  8  7.99411765  -0.888311268146
7  1  7.99411765  -0.888311268146
8  2  7.99411765  -0.888311268146
1  7  8.07058824  -0.887501881524
2  8  8.07058824  -0.887501881524
7  1  8.07058824  -0.887501881524
8  2  8.07058824  -0.887501881524
1  7  8.14705882  -0.886737912224
2  8  8.14705882  -0.886737912224
7  1  8.14705882  -0.886737912224
8  2  8.14705882  -0.886737912224
1  7  8.22352941  -0.886017916676
2  8  8.22352941  -0.886017916676
7  1  8.22352941  -0.886017916676
8  2  8.22352941  -0.886017916676
1  7  8.30000000  -0.885340381701
2  8  8.30000000  -0.885340381701
7  1  8.30000000  -0.885340381701
8  2  8.30000000  -0.885340381701
1  7  8.37647059  -0.884703740352
2  8  8.37647059  -0.884703740352
7  1  8.37647059  -0.884703740352
8  2  8.37647059  -0.884703740352
1  7  8.45294118  -0.884106386675
2  8  8.45294118  -0.884106386675
7  1  8.45294118  -0.884106386675
8  2  8.45294118  -0.884106386675
1  7  8.52941176  -0.883546689317
2  8  8.52941176  -0.883546689317
7  1  8.52941176  -0.883546689317
8  2  8.52941176  -0.883546689317
1  7  8.60588235  -0.883023003929
2  8  8.60588235  -0.883023003929
7  1  8.60588235  -0.883023003929
8  2  8.60588235  -0.883023003929
1  7  8.68235294  -0.882533684352
2  8  8.68235294  -0.882533684352
7  1  8.68235294  -0.882533684352
8  2  8.68235294  -0.882533684352
1  7  8.75882353  -0.882077092585
2  8  8.75882353  -0.882077092585
7  1  8.75882353  -0.882077092585
8  2  8.75882353  -0.882077092585
1  7  8.83529412  -0.881651607562
2  8  8.83529412  -0.881651607562
7  1  8.83529412  -0.881651607562
8  2  8.83529412  -0.881651607562
1  7  8.91176471  -0.881255632785
2  8  8.91176471  -0.881255632785
7  1  8.91176471  -0.881255632785
8  2  8.91176471  -0.881255632785
1  7  8.98823529  -0.880887602878
2  8  8.98823529  -0.880887602878
7  1  8.98823529  -0.880887602878
8  2  8.98823529  -0.880887602878
1  7  9.06470588  -0.880545989118
2  8  9.06470588  -0.880545989118
7  1  9.06470588  -0.880545989118
8  2  9.06470588  -0.880545989118
1  7  9.14117647  -0.880229304038
2  8  9.14117647  -0.880229304038
7  1  9.14117647  -0.880229304038
8  2  9.14117647  -0.880229304038
1  7  9.21764706  -0.879936105154
2  8  9.21764706  -0.879936105154
7  1  9.21764706  -0.879936105154
8  2  9.21764706  -0.879936105154
1  7  9.29411765  -0.879664997921
2  8  9.29411765  -0.879664997921
7  1  9.29411765  -0.879664997921
8  2  9.29411765  -0.879664997921
1  7  9.37058824  -0.879414637990
2  8  9.37058824  -0.879414637990
7  1  9.37058824  -0.879414637990
8  2  9.37058824  -0.879414637990
1  7  9.44705882  -0.879183732766
2  8  9.44705882  -0.879183732766
7  1  9.44705882  -0.879183732766
8  2  9.44705882  -0.879183732766
1  7  9.52352941  -0.878971041395
2  8  9.52352941  -0.878971041395
7  1  9.52352941  -0.878971041395
8  2  9.52352941  -0.878971041395
1  7  9.60000000  -0.878775391402
2  8  9.60000000  -0.878775391402
7  1  9.60000000  -0.878775391402
8  2  9.60000000  -0.878775391402
1  7  9.67647059  -0.878595641629
2  8  9.67647059  -0.878595641629
7  1  9.67647059  -0.878595641629
8  2  9.67647059  -0.878595641629
1  7  9.75294118  -0.878430677956
2  8  9.75294118  -0.878430677956
7  1  9.75294118  -0.878430677956
8  2  9.75294118  -0.878430677956
1  7  9.82941176  -0.878279523931
2  8  9.82941176  -0.878279523931
7  1  9.82941176  -0.878279523931
8  2  9.82941176  -0.878279523931
1  7  9.90588235  -0.878141180947
2  8  9.90588235  -0.878141180947
7  1  9.90588235  -0.878141180947
8  2  9.90588235  -0.878141180947
1  7  9.98235294  -0.878014723387
2  8  9.98235294  -0.878014723387
7  1  9.98235294  -0.878014723387
8  2  9.98235294  -0.878014723387
1  7  10.05882353  -0.877899274422
2  8  10.05882353  -0.877899274422
7  1  10.05882353  -0.877899274422
8  2  10.05882353  -0.877899274422
1  7  10.13529412  -0.877794005319
2  8  10.13529412  -0.877794005319
7  1  10.13529412  -0.877794005319
8  2  10.13529412  -0.877794005319
1  7  10.21176471  -0.877698133719
2  8  10.21176471  -0.877698133719
7  1  10.21176471  -0.877698133719
8  2  10.21176471  -0.877698133719
1  7  10.28823529  -0.877610921932
2  8  10.28823529  -0.877610921932
7  1  10.28823529  -0.877610921932
8  2  10.28823529  -0.877610921932
1  7  10.36470588  -0.877531675326
2  8  10.36470588  -0.877531675326
7  1  10.36470588  -0.877531675326
8  2  10.36470588  -0.877531675326
1  7  10.44117647  -0.877459740739
2  8  10.44117647  -0.877459740739
7  1  10.44117647  -0.877459740739
8  2  10.44117647  -0.877459740739
1  7  10.51764706  -0.877394504882
2  8  10.51764706  -0.877394504882
7  1  10.51764706  -0.877394504882
8  2  10.51764706  -0.877394504882
1  7  10.59411765  -0.877335392687
2  8  10.59411765  -0.877335392687
7  1  10.59411765  -0.877335392687
8  2  10.59411765  -0.877335392687
1  7  10.67058824  -0.877281865909
2  8  10.67058824  -0.877281865909
7  1  10.67058824  -0.877281865909
8  2  10.67058824  -0.877281865909
1  7  10.74705882  -0.877233419945
2  8  10.74705882  -0.877233419945
7  1  10.74705882  -0.877233419945
8  2  10.74705882  -0.877233419945
1  7  10.82352941  -0.877189581716
2  8  10.82352941  -0.877189581716
7  1  10.82352941  -0.877189581716
8  2  10.82352941  -0.877189581716
1  7  10.90000000  -0.877149916116
2  8  10.90000000  -0.877149916116
7  1  10.90000000  -0.877149916116
8  2  10.90000000  -0.877149916116
1  7  10.97647059  -0.877114010922
2  8  10.97647059  -0.877114010922
7  1  10.97647059  -0.877114010922
8  2  10.97647059  -0.877114010922
1  7  11.05294118  -0.877081485716
2  8  11.05294118  -0.877081485716
7  1  11.05294118  -0.877081485716
8  2  11.05294118  -0.877081485716
1  7  11.12941176  -0.877051987793
2  8  11.12941176  -0.877051987793
7  1  11.12941176  -0.877051987793
8  2  11.12941176  -0.877051987793
1  7  11.20588235  -0.877025190084
2  8  11.20588235  -0.877025190084
7  1  11.20588235  -0.877025190084
8  2  11.20588235  -0.877025190084
1  7  11.28235294  -0.877000765556
2  8  11.28235294  -0.877000765556
7  1  11.28235294  -0.877000765556
8  2  11.28235294  -0.877000765556
1  7  11.35882353  -0.876978484510
2  8  11.35882353  -0.876978484510
7  1  11.35882353  -0.876978484510
8  2  11.35882353  -0.876978484510
1  7  11.43529412  -0.876958062766
2  8  11.43529412  -0.876958062766
7  1  11.43529412  -0.876958062766
8  2  11.43529412  -0.876958062766
1  7  11.51176471  -0.876939260195
2  8  11.51176471  -0.876939260195
7  1  11.51176471  -0.876939260195
8  2  11.51176471  -0.876939260195
1  7  11.58823529  -0.876921858976
2  8  11.58823529  -0.876921858976
7  1  11.58823529  -0.876921858976
8  2  11.58823529  -0.876921858976
1  7  11.66470588  -0.876905630742
2  8  11.66470588  -0.876905630742
7  1  11.66470588  -0.876905630742
8  2  11.66470588  -0.876905630742
1  7  11.74117647  -0.876890462591
2  8  11.74117647  -0.876890462591
7  1  11.74117647  -0.876890462591
8  2  11.74117647  -0.876890462591
1  7  11.81764706  -0.876876154013
2  8  11.81764706  -0.876876154013
7  1  11.81764706  -0.876876154013
8  2  11.81764706  -0.876876154013
1  7  11.89411765  -0.876862557185
2  8  11.89411765  -0.876862557185
7  1  11.89411765  -0.876862557185
8  2  11.89411765  -0.876862557185
1  7  11.97058824  -0.876849538279
2  8  11.97058824  -0.876849538279
7  1  11.97058824  -0.876849538279
8  2  11.97058824  -0.876849538279
1  7  12.04705882  -0.876836976967
2  8  12.04705882  -0.876836976967
7  1  12.04705882  -0.876836976967
8  2  12.04705882  -0.876836976967
1  7  12.12352941  -0.876824765642
2  8  12.12352941  -0.876824765642
7  1  12.12352941  -0.876824765642
8  2  12.12352941  -0.876824765642
1  7  12.20000000  -0.876812808606
2  8  12.20000000  -0.876812808606
7  1  12.20000000  -0.876812808606
8  2  12.20000000  -0.876812808606
1  7  12.27647059  -0.876801021265
2  8  12.27647059  -0.876801021265
7  1  12.27647059  -0.876801021265
8  2  12.27647059  -0.876801021265
1  7  12.35294118  -0.876789329350
2  8  12.35294118  -0.876789329350
7  1  12.35294118  -0.876789329350
8  2  12.35294118  -0.876789329350
1  7  12.42941176  -0.876777668165
2  8  12.42941176  -0.876777668165
7  1  12.42941176  -0.876777668165
8  2  12.42941176  -0.876777668165
1  7  12.50588235  -0.876765981868
2  8  12.50588235  -0.876765981868
7  1  12.50588235  -0.876765981868
8  2  12.50588235  -0.876765981868
1  7  12.58235294  -0.876754222787
2  8  12.58235294  -0.876754222787
7  1  12.58235294  -0.876754222787
8  2  12.58235294  -0.876754222787
1  7  12.65882353  -0.876742350755
2  8  12.65882353  -0.876742350755
7  1  12.65882353  -0.876742350755
8  2  12.65882353  -0.876742350755
1  7  12.73529412  -0.876730332494
2  8  12.73529412  -0.876730332494
7  1  12.73529412  -0.876730332494
8  2  12.73529412  -0.876730332494
1  7  12.81176471  -0.876718141010
2  8  12.81176471  -0.876718141010
7  1  12.81176471  -0.876718141010
8  2  12.81176471  -0.876718141010
1  7  12.88823529  -0.876705755034
2  8  12.88823529  -0.876705755034
7  1  12.88823529  -0.876705755034
8  2  12.88823529  -0.876705755034
1  7  12.96470588  -0.876693158486
2  8  12.96470588  -0.876693158486
7  1  12.96470588  -0.876693158486
8  2  12.96470588  -0.876693158486
1  7  13.04117647  -0.876680339968
2  8  13.04117647  -0.876680339968
7  1  13.04117647  -0.876680339968
8  2  13.04117647  -0.876680339968
1  7  13.11764706  -0.876667292288
2  8  13.11764706  -0.876667292288
7  1  13.11764706  -0.876667292288
8  2  13.11764706  -0.876667292288
1  7  13.19411765  -0.876654012013
2  8  13.19411765  -0.876654012013
7  1  13.19411765  -0.876654012013
8  2  13.19411765  -0.876654012013
1  7  13.27058824  -0.876640499046
2  8  13.27058824  -0.876640499046
7  1  13.27058824  -0.876640499046
8  2  13.27058824  -0.876640499046
1  7  13.34705882  -0.876626756236
2  8  13.34705882  -0.876626756236
7  1  13.34705882  -0.876626756236
8  2  13.34705882  -0.876626756236
1  7  13.42352941  -0.876612789010
2  8  13.42352941  -0.876612789010
7  1  13.42352941  -0.876612789010
8  2  13.42352941  -0.876612789010
1  7  13.50000000  -0.876598605029
2  8  13.50000000  -0.876598605029
7  1  13.50000000  -0.876598605029
8  2  13.50000000  -0.876598605029
1  7  13.57647059  -0.876584213874
2  8  13.57647059  -0.876584213874
7  1  13.57647059  -0.876584213874
8  2  13.57647059  -0.876584213874
1  7  13.65294118  -0.876569626755
2  8  13.65294118  -0.876569626755
7  1  13.65294118  -0.876569626755
8  2  13.65294118  -0.876569626755
1  7  13.72941176  -0.876554856236
2  8  13.72941176  -0.876554856236
7  1  13.72941176  -0.876554856236
8  2  13.72941176  -0.876554856236
1  7  13.80588235  -0.876539915992
2  8  13.80588235  -0.876539915992
7  1  13.80588235  -0.876539915992
8  2  13.80588235  -0.876539915992
1  7  13.88235294  -0.876524820582
2  8  13.88235294  -0.876524820582
7  1  13.88235294  -0.876524820582
8  2  13.88235294  -0.876524820582
1  7  13.95882353  -0.876509585240
2  8  13.95882353  -0.876509585240
7  1  13.95882353  -0.876509585240
8  2  13.95882353  -0.876509585240
1  7  14.03529412  -0.876494225691
2  8  14.03529412  -0.876494225691
7  1  14.03529412  -0.876494225691
8  2  14.03529412  -0.876494225691
1  7  14.11176471  -0.876478757981
2  8  14.11176471  -0.876478757981
7  1  14.11176471  -0.876478757981
8  2  14.11176471  -0.876478757981
1  7  14.18823529  -0.876463198323
2  8  14.18823529  -0.876463198323
7  1  14.18823529  -0.876463198323
8  2  14.18823529  -0.876463198323
1  7  14.26470588  -0.876447562969
2  8  14.26470588  -0.876447562969
7  1  14.26470588  -0.876447562969
8  2  14.26470588  -0.876447562969
1  7  14.34117647  -0.876431868080
2  8  14.34117647  -0.876431868080
7  1  14.34117647  -0.876431868080
8  2  14.34117647  -0.876431868080
1  7  14.41764706  -0.876416129630
2  8  14.41764706  -0.876416129630
7  1  14.41764706  -0.876416129630
8  2  14.41764706  -0.876416129630
1  7  14.49411765  -0.876400363305
2  8  14.49411765  -0.876400363305
7  1  14.49411765  -0.876400363305
8  2  14.49411765  -0.876400363305
1  7  14.57058824  -0.876384584430
2  8  14.57058824  -0.876384584430
7  1  14.57058824  -0.876384584430
8  2  14.57058824  -0.876384584430
1  7  14.64705882  -0.876368807897
2  8  14.64705882  -0.876368807897
7  1  14.64705882  -0.876368807897
8  2  14.64705882  -0.876368807897
1  7  14.72352941  -0.876353048108
2  8  14.72352941  -0.876353048108
7  1  14.72352941  -0.876353048108
8  2  14.72352941  -0.876353048108
1  7  14.80000000  -0.876337318928
2  8  14.80000000  -0.876337318928
7  1  14.80000000  -0.876337318928
8  2  14.80000000  -0.876337318928
1  7  14.87647059  -0.876321633646
2  8  14.87647059  -0.876321633646
7  1  14.87647059  -0.876321633646
8  2  14.87647059  -0.876321633646
1  7  14.95294118  -0.876306004943
2  8  14.95294118  -0.876306004943
7  1  14.95294118  -0.876306004943
8  2  14.95294118  -0.876306004943
1  7  15.02941176  -0.876290444869
2  8  15.02941176  -0.876290444869
7  1  15.02941176  -0.876290444869
8  2  15.02941176  -0.876290444869
1  7  15.10588235  -0.876274964830
2  8  15.10588235  -0.876274964830
7  1  15.10588235  -0.876274964830
8  2  15.10588235  -0.876274964830
1  7  15.18235294  -0.876259575572
2  8  15.18235294  -0.876259575572
7  1  15.18235294  -0.876259575572
8  2  15.18235294  -0.876259575572
1  7  15.25882353  -0.876244287180
2  8  15.25882353  -0.876244287180
7  1  15.25882353  -0.876244287180
8  2  15.25882353  -0.876244287180
1  7  15.33529412  -0.876229109079
2  8  15.33529412  -0.876229109079
7  1  15.33529412  -0.876229109079
8  2  15.33529412  -0.876229109079
1  7  15.41176471  -0.876214050034
2  8  15.41176471  -0.876214050034
7  1  15.41176471  -0.876214050034
8  2  15.41176471  -0.876214050034
1  7  15.48823529  -0.876199045340
2  8  15.48823529  -0.876199045340
7  1  15.48823529  -0.876199045340
8  2  15.48823529  -0.876199045340
1  7  15.56470588  -0.876184246352
2  8  15.56470588  -0.876184246352
7  1  15.56470588  -0.876184246352
8  2  15.56470588  -0.876184246352
1  7  15.64117647  -0.876169588811
2  8  15.64117647  -0.876169588811
7  1  15.64117647  -0.876169588811
8  2  15.64117647  -0.876169588811
1  7  15.71764706  -0.876155078962
2  8  15.71764706  -0.876155078962
7  1  15.71764706  -0.876155078962
8  2  15.71764706  -0.876155078962
1  7  15.79411765  -0.876140722464
2  8  15.79411765  -0.876140722464
7  1  15.79411765  -0.876140722464
8  2  15.79411765  -0.876140722464
1  7  15.87058824  -0.876126524404
2  8  15.87058824  -0.876126524404
7  1  15.87058824  -0.876126524404
8  2  15.87058824  -0.876126524404
1  7  15.94705882  -0.876112489321
2  8  15.94705882  -0.876112489321
7  1  15.94705882  -0.876112489321
8  2  15.94705882  -0.876112489321
1  7  16.02352941  -0.876098621229
2  8  16.02352941  -0.876098621229
7  1  16.02352941  -0.876098621229
8  2  16.02352941  -0.876098621229
1  7  16.10000000  -0.876084923636
2  8  16.10000000  -0.876084923636
7  1  16.10000000  -0.876084923636
8  2  16.10000000  -0.876084923636
1  7  16.17647059  -0.876071399575
2  8  16.17647059  -0.876071399575
7  1  16.17647059  -0.876071399575
8  2  16.17647059  -0.876071399575
1  7  16.25294118  -0.876058051621
2  8  16.25294118  -0.876058051621
7  1  16.25294118  -0.876058051621
8  2  16.25294118  -0.876058051621
1  7  16.32941176  -0.876044881918
2  8  16.32941176  -0.876044881918
7  1  16.32941176  -0.876044881918
8  2  16.32941176  -0.876044881918
1  7  16.40588235  -0.876031892204
2  8  16.40588235  -0.876031892204
7  1  16.40588235  -0.876031892204
8  2  16.40588235  -0.876031892204
1  7  16.48235294  -0.876019083830
2  8  16.48235294  -0.876019083830
7  1  16.48235294  -0.876019083830
8  2  16.48235294  -0.876019083830
1  7  16.55882353  -0.876006457791
2  8  16.55882353  -0.876006457791
7  1  16.55882353  -0.876006457791
8  2  16.55882353  -0.876006457791
1  7  16.63529412  -0.875994014743
2  8  16.63529412  -0.875994014743
7  1  16.63529412  -0.875994014743
8  2  16.63529412  -0.875994014743
1  7  16.71176471  -0.875981755026
2  8  16.71176471  -0.875981755026
7  1  16.71176471  -0.875981755026
8  2  16.71176471  -0.875981755026
1  7  16.78823529  -0.875969678688
2  8  16.78823529  -0.875969678688
7  1  16.78823529  -0.875969678688
8  2  16.78823529  -0.875969678688
1  7  16.86470588  -0.875957785506
2  8  16.86470588  -0.875957785506
7  1  16.86470588  -0.875957785506
8  2  16.86470588  -0.875957785506
1  7  16.94117647  -0.875946075004
2  8  16.94117647  -0.875946075004
7  1  16.94117647  -0.875946075004
8  2  16.94117647  -0.875946075004
1  7  17.01764706  -0.875934546476
2  8  17.01764706  -0.875934546476
7  1  17.01764706  -0.875934546476
8  2  17.01764706  -0.875934546476
1  7  17.09411765  -0.875923199002
2  8  17.09411765  -0.875923199002
7  1  17.09411765  -0.875923199002
8  2  17.09411765  -0.875923199002
1  7  17.17058824  -0.875912031466
2  8  17.17058824  -0.875912031466
7  1  17.17058824  -0.875912031466
8  2  17.17058824  -0.875912031466
1  7  17.24705882  -0.875901042577
2  8  17.24705882  -0.875901042577
7  1  17.24705882  -0.875901042577
8  2  17.24705882  -0.875901042577
1  7  17.32352941  -0.875890230881
2  8  17.32352941  -0.875890230881
7  1  17.32352941  -0.875890230881
8  2  17.32352941  -0.875890230881
1  7  17.40000000  -0.875879594776
2  8  17.40000000  -0.875879594776
7  1  17.40000000  -0.875879594776
8  2  17.40000000  -0.875879594776
1  7  17.47647059  -0.875869132533
2  8  17.47647059  -0.875869132533
7  1  17.47647059  -0.875869132533
8  2  17.47647059  -0.875869132533
1  7  17.55294118  -0.875858842302
2  8  17.55294118  -0.875858842302
7  1  17.55294118  -0.875858842302
8  2  17.55294118  -0.875858842302
1  7  17.62941176  -0.875848722129
2  8  17.62941176  -0.875848722129
7  1  17.62941176  -0.875848722129
8  2  17.62941176  -0.875848722129
1  7  17.70588235  -0.875838769969
2  8  17.70588235  -0.875838769969
7  1  17.70588235  -0.875838769969
8  2  17.70588235  -0.875838769969
1  7  17.78235294  -0.875828983696
2  8  17.78235294  -0.875828983696
7  1  17.78235294  -0.875828983696
8  2  17.78235294  -0.875828983696
1  7  17.85882353  -0.875819361112
2  8  17.85882353  -0.875819361112
7  1  17.85882353  -0.875819361112
8  2  17.85882353  -0.875819361112
1  7  17.93529412  -0.875809899961
2  8  17.93529412  -0.875809899961
7  1  17.93529412  -0.875809899961
8  2  17.93529412  -0.875809899961
1  7  18.01176471  -0.875800597933
2  8  18.01176471  -0.875800597933
7  1  18.01176471  -0.875800597933
8  2  18.01176471  -0.875800597933
1  7  18.08823529  -0.875791452679
2  8  18.08823529  -0.875791452679
7  1  18.08823529  -0.875791452679
8  2  18.08823529  -0.875791452679
1  7  18.16470588  -0.875782461815
2  8  18.16470588  -0.875782461815
7  1  18.16470588  -0.875782461815
8  2  18.16470588  -0.875782461815
1  7  18.24117647  -0.875773622926
2  8  18.24117647  -0.875773622926
7  1  18.24117647  -0.875773622926
8  2  18.24117647  -0.875773622926
1  7  18.31764706  -0.875764933583
2  8  18.31764706  -0.875764933583
7  1  18.31764706  -0.875764933583
8  2  18.31764706  -0.875764933583
1  7  18.39411765  -0.875756391337
2  8  18.39411765  -0.875756391337
7  1  18.39411765  -0.875756391337
8  2  18.39411765  -0.875756391337
1  7  18.47058824  -0.875747993735
2  8  18.47058824  -0.875747993735
7  1  18.47058824  -0.875747993735
8  2  18.47058824  -0.875747993735
1  7  18.54705882  -0.875739738319
2  8  18.54705882  -0.875739738319
7  1  18.54705882  -0.875739738319
8  2  18.54705882  -0.875739738319
1  7  18.62352941  -0.875731622632
2  8  18.62352941  -0.875731622632
7  1  18.62352941  -0.875731622632
8  2  18.62352941  -0.875731622632
1  7  18.70000000  -0.875723644224
2  8  18.70000000  -0.875723644224
7  1  18.70000000  -0.875723644224
8  2  18.70000000  -0.875723644224
1  7  18.77647059  -0.875715800654
2  8  18.77647059  -0.875715800654
7  1  18.77647059  -0.875715800654
8  2  18.77647059  -0.875715800654
1  7  18.85294118  -0.875708089497
2  8  18.85294118  -0.875708089497
7  1  18.85294118  -0.875708089497
8  2  18.85294118  -0.875708089497
1  7  18.92941176  -0.875700508341
2  8  18.92941176  -0.875700508341
7  1  18.92941176  -0.875700508341
8  2  18.92941176  -0.875700508341
1  7  19.00588235  -0.875693054795
2  8  19.00588235  -0.875693054795
7  1  19.00588235  -0.875693054795
8  2  19.00588235  -0.875693054795
1  7  19.08235294  -0.875685726491
2  8  19.08235294  -0.875685726491
7  1  19.08235294  -0.875685726491
8  2  19.08235294  -0.875685726491
1  7  19.15882353  -0.875678521084
2  8  19.15882353  -0.875678521084
7  1  19.15882353  -0.875678521084
8  2  19.15882353  -0.875678521084
1  7  19.23529412  -0.875671436255
2  8  19.23529412  -0.875671436255
7  1  19.23529412  -0.875671436255
8  2  19.23529412  -0.875671436255
1  7  19.31176471  -0.875664469715
2  8  19.31176471  -0.875664469715
7  1  19.31176471  -0.875664469715
8  2  19.31176471  -0.875664469715
1  7  19.38823529  -0.875657619202
2  8  19.38823529  -0.875657619202
7  1  19.38823529  -0.875657619202
8  2  19.38823529  -0.875657619202
1  7  19.46470588  -0.875650882487
2  8  19.46470588  -0.875650882487
7  1  19.46470588  -0.875650882487
8  2  19.46470588  -0.875650882487
1  7  19.54117647  -0.875644257372
2  8  19.54117647  -0.875644257372
7  1  19.54117647  -0.875644257372
8  2  19.54117647  -0.875644257372
1  7  19.61764706  -0.875637741692
2  8  19.61764706  -0.875637741692
7  1  19.61764706  -0.875637741692
8  2  19.61764706  -0.875637741692
1  7  19.69411765  -0.875631333316
2  8  19.69411765  -0.875631333316
7  1  19.69411765  -0.875631333316
8  2  19.69411765  -0.875631333316
1  7  19.77058824  -0.875625030147
2  8  19.77058824  -0.875625030147
7  1  19.77058824  -0.875625030147
8  2  19.77058824  -0.875625030147
1  7  19.84705882  -0.875618830123
2  8  19.84705882  -0.875618830123
7  1  19.84705882  -0.875618830123
8  2  19.84705882  -0.875618830123
1  7  19.92352941  -0.875612731218
2  8  19.92352941  -0.875612731218
7  1  19.92352941  -0.875612731218
8  2  19.92352941  -0.875612731218
1  7  20.00000000  -0.875606731441
2  8  20.00000000  -0.875606731441
7  1  20.00000000  -0.875606731441
8  2  20.00000000  -0.875606731441
