1  3  0.50000000  0.391621051350
2  4  0.50000000  0.391621051350
3  1  0.50000000  0.391621051350
4  2  0.50000000  0.391621051350
1  3  0.57647059  0.424054207370
2  4  0.57647059  0.424054207370
3  1  0.57647059  0.424054207370
4  2  0.57647059  0.424054207370
1  3  0.65294118  0.459625194503
2  4  0.65294118  0.459625194503
3  1  0.65294118  0.459625194503
4  2  0.65294118  0.459625194503
1  3  0.72941176  0.498133288065
2  4  0.72941176  0.498133288065
3  1  0.72941176  0.498133288065
4  2  0.72941176  0.498133288065
1  3  0.80588235  0.539259341322
2  4  0.80588235  0.539259341322
3  1  0.80588235  0.539259341322
4  2  0.80588235  0.539259341322
1  3  0.88235294  0.582544113948
2  4  0.88235294  0.582544113948
3  1  0.88235294  0.582544113948
4  2  0.88235294  0.582544113948
1  3  0.95882353  0.627407525088
2  4  0.95882353  0.627407525088
3  1  0.95882353  0.627407525088
4  2  0.95882353  0.627407525088
1  3  1.03529412  0.673177810151
2  4  1.03529412  0.673177810151
3  1  1.03529412  0.673177810151
4  2  1.03529412  0.673177810151
1  3  1.11176471  0.719149227695
2  4  1.11176471  0.719149227695
3  1  1.11176471  0.719149227695
4  2  1.11176471  0.719149227695
1  3  1.18823529  0.764662110748
2  4  1.18823529  0.764662110748
3  1  1.18823529  0.764662110748
4  2  1.18823529  0.764662110748
1  3  1.26470588  0.809150619996
2  4  1.26470588  0.809150619996
3  1  1.26470588  0.809150619996
4  2  1.26470588  0.809150619996
1  3  1.34117647  0.852200744320
2  4  1.34117647  0.852200744320
3  1  1.34117647  0.852200744320
4  2  1.34117647  0.852200744320
1  3  1.41764706  0.893558065829
2  4  1.41764706  0.893558065829
3  1  1.41764706  0.893558065829
4  2  1.41764706  0.893558065829
1  3  1.49411765  0.933120654827
2  4  1.49411765  0.933120654827
3  1  1.49411765  0.933120654827
4  2  1.49411765  0.933120654827
1  3  1.57058824  0.970912758912
2  4  1.57058824  0.970912758912
3  1  1.57058824  0.970912758912
4  2  1.57058824  0.970912758912
1  3  1.64705882  1.007049366555
2  4  1.64705882  1.007049366555
3  1  1.64705882  1.007049366555
4  2  1.64705882  1.007049366555
1  3  1.72352941  1.041701842806
2  4  1.72352941  1.041701842806
3  1  1.72352941  1.041701842806
4  2  1.72352941  1.041701842806
1  3  1.80000000  1.075069488275
2  4  1.80000000  1.075069488275
3  1  1.80000000  1.075069488275
4  2  1.80000000  1.075069488275
1  3  1.87647059  1.107358641360
2  4  1.87647059  1.107358641360
3  1  1.87647059  1.107358641360
4  2  1.87647059  1.107358641360
1  3  1.95294118  1.138769135868
2  4  1.95294118  1.138769135868
3  1  1.95294118  1.138769135868
4  2  1.95294118  1.138769135868
1  3  2.02941176  1.169485783911
2  4  2.02941176  1.169485783911
3  1  2.02941176  1.169485783911
4  2  2.02941176  1.169485783911
1  3  2.10588235  1.199674817324
2  4  2.10588235  1.199674817324
3  1  2.10588235  1.199674817324
4  2  2.10588235  1.199674817324
1  3  2.18235294  1.229482612143
2  4  2.18235294  1.229482612143
3  1  2.18235294  1.229482612143
4  2  2.18235294  1.229482612143
1  3  2.25882353  1.259036295956
2  4  2.25882353  1.259036295956
3  1  2.25882353  1.259036295956
4  2  2.25882353  1.259036295956
1  3  2.33529412  1.288445318269
2  4  2.33529412  1.288445318269
3  1  2.33529412  1.288445318269
4  2  2.33529412  1.288445318269
1  3  2.41176471  1.317803177063
2  4  2.41176471  1.317803177063
3  1  2.41176471  1.317803177063
4  2  2.41176471  1.317803177063
1  3  2.48823529  1.347189521245
2  4  2.48823529  1.347189521245
3  1  2.48823529  1.347189521245
4  2  2.48823529  1.347189521245
1  3  2.56470588  1.376671918858
2  4  2.56470588  1.376671918858
3  1  2.56470588  1.376671918858
4  2  2.56470588  1.376671918858
1  3  2.64117647  1.406307586171
2  4  2.64117647  1.406307586171
3  1  2.64117647  1.406307586171
4  2  2.64117647  1.406307586171
1  3  2.71764706  1.436144758079
2  4  2.71764706  1.436144758079
3  1  2.71764706  1.436144758079
4  2  2.71764706  1.436144758079
1  3  2.79411765  1.466223827085
2  4  2.79411765  1.466223827085
3  1  2.79411765  1.466223827085
4  2  2.79411765  1.466223827085
1  3  2.87058824  1.496578533123
2  4  2.87058824  1.496578533123
3  1  2.87058824  1.496578533123
4  2  2.87058824  1.496578533123
1  3  2.94705882  1.527236578599
2  4  2.94705882  1.527236578599
3  1  2.94705882  1.527236578599
4  2  2.94705882  1.527236578599
1  3  3.02352941  1.558220338100
2  4  3.02352941  1.558220338100
3  1  3.02352941  1.558220338100
4  2  3.02352941  1.558220338100
1  3  3.10000000  1.589547377900
2  4  3.10000000  1.589547377900
3  1  3.10000000  1.589547377900
4  2  3.10000000  1.589547377900
1  3  3.17647059  1.621230939193
2  4  3.17647059  1.621230939193
3  1  3.17647059  1.621230939193
4  2  3.17647059  1.621230939193
1  3  3.25294118  1.653280115156
2  4  3.25294118  1.653280115156
3  1  3.25294118  1.653280115156
4  2  3.25294118  1.653280115156
1  3  3.32941176  1.685700480449
2  4  3.32941176  1.685700480449
3  1  3.32941176  1.685700480449
4  2  3.32941176  1.685700480449
1  3  3.40588235  1.718494207750
2  4  3.40588235  1.718494207750
3  1  3.40588235  1.718494207750
4  2  3.40588235  1.718494207750
1  3  3.48235294  1.751660429148
2  4  3.48235294  1.751660429148
3  1  3.48235294  1.751660429148
4  2  3.48235294  1.751660429148
1  3  3.55882353  1.785195551659
2  4  3.55882353  1.785195551659
3  1  3.55882353  1.785195551659
4  2  3.55882353  1.785195551659
1  3  3.63529412  1.819093578136
2  4  3.63529412  1.819093578136
3  1  3.63529412  1.819093578136
4  2  3.63529412  1.819093578136
1  3  3.71176471  1.853346431224
2  4  3.71176471  1.853346431224
3  1  3.71176471  1.853346431224
4  2  3.71176471  1.853346431224
1  3  3.78823529  1.887944274123
2  4  3.78823529  1.887944274123
3  1  3.78823529  1.887944274123
4  2  3.78823529  1.887944274123
1  3  3.86470588  1.922875821333
2  4  3.86470588  1.922875821333
3  1  3.86470588  1.922875821333
4  2  3.86470588  1.922875821333
1  3  3.94117647  1.958128631388
2  4  3.94117647  1.958128631388
3  1  3.94117647  1.958128631388
4  2  3.94117647  1.958128631388
1  3  4.01764706  1.993689375507
2  4  4.01764706  1.993689375507
3  1  4.01764706  1.993689375507
4  2  4.01764706  1.993689375507
1  3  4.09411765  2.029544077655
2  4  4.09411765  2.029544077655
3  1  4.09411765  2.029544077655
4  2  4.09411765  2.029544077655
1  3  4.17058824  2.065678322808
2  4  4.17058824  2.065678322808
3  1  4.17058824  2.065678322808
4  2  4.17058824  2.065678322808
1  3  4.24705882  2.102077433255
2  4  4.24705882  2.102077433255
3  1  4.24705882  2.102077433255
4  2  4.24705882  2.102077433255
1  3  4.32352941  2.138726614154
2  4  4.32352941  2.138726614154
3  1  4.32352941  2.138726614154
4  2  4.32352941  2.138726614154
1  3  4.40000000  2.175611071277
2  4  4.40000000  2.175611071277
3  1  4.40000000  2.175611071277
4  2  4.40000000  2.175611071277
1  3  4.47647059  2.212716104791
2  4  4.47647059  2.212716104791
3  1  4.47647059  2.212716104791
4  2  4.47647059  2.212716104791
1  3  4.55294118  2.250027183426
2  4  4.55294118  2.250027183426
3  1  4.55294118  2.250027183426
4  2  4.55294118  2.250027183426
1  3  4.62941176  2.287530003189
2  4  4.62941176  2.287530003189
3  1  4.62941176  2.287530003189
4  2  4.62941176  2.287530003189
1  3  4.70588235  2.325210534600
2  4  4.70588235  2.325210534600
3  1  4.70588235  2.325210534600
4  2  4.70588235  2.325210534600
1  3  4.78235294  2.363055061837
2  4  4.78235294  2.363055061837
3  1  4.78235294  2.363055061837
4  2  4.78235294  2.363055061837
1  3  4.85882353  2.401050216651
2  4  4.85882353  2.401050216651
3  1  4.85882353  2.401050216651
4  2  4.85882353  2.401050216651
1  3  4.93529412  2.439183009059
2  4  4.93529412  2.439183009059
3  1  4.93529412  2.439183009059
4  2  4.93529412  2.439183009059
1  3  5.01176471  2.477440856209
2  4  5.01176471  2.477440856209
3  1  5.01176471  2.477440856209
4  2  5.01176471  2.477440856209
1  3  5.08823529  2.515811610086
2  4  5.08823529  2.515811610086
3  1  5.08823529  2.515811610086
4  2  5.08823529  2.515811610086
1  3  5.16470588  2.554283584199
2  4  5.16470588  2.554283584199
3  1  5.16470588  2.554283584199
4  2  5.16470588  2.554283584199
1  3  5.24117647  2.592845579318
2  4  5.24117647  2.592845579318
3  1  5.24117647  2.592845579318
4  2  5.24117647  2.592845579318
1  3  5.31764706  2.631486910056
2  4  5.31764706  2.631486910056
3  1  5.31764706  2.631486910056
4  2  5.31764706  2.631486910056
1  3  5.39411765  2.670197434478
2  4  5.39411765  2.670197434478
3  1  5.39411765  2.670197434478
4  2  5.39411765  2.670197434478
1  3  5.47058824  2.708967722970
2  4  5.47058824  2.708967722970
3  1  5.47058824  2.708967722970
4  2  5.47058824  2.708967722970
1  3  5.54705882  2.747788524918
2  4  5.54705882  2.747788524918
3  1  5.54705882  2.747788524918
4  2  5.54705882  2.747788524918
1  3  5.62352941  2.786651598819
2  4  5.62352941  2.786651598819
3  1  5.62352941  2.786651598819
4  2  5.62352941  2.786651598819
1  3  5.70000000  2.825548974726
2  4  5.70000000  2.825548974726
3  1  5.70000000  2.825548974726
4  2  5.70000000  2.825548974726
1  3  5.77647059  2.864473541096
2  4  5.77647059  2.864473541096
3  1  5.77647059  2.864473541096
4  2  5.77647059  2.864473541096
1  3  5.85294118  2.903418592302
2  4  5.85294118  2.903418592302
3  1  5.85294118  2.903418592302
4  2  5.85294118  2.903418592302
1  3  5.92941176  2.942378129137
2  4  5.92941176  2.942378129137
3  1  5.92941176  2.942378129137
4  2  5.92941176  2.942378129137
1  3  6.00588235  2.981346688840
2  4  6.00588235  2.981346688840
3  1  6.00588235  2.981346688840
4  2  6.00588235  2.981346688840
1  3  6.08235294  3.020319367142
2  4  6.08235294  3.020319367142
3  1  6.08235294  3.020319367142
4  2  6.08235294  3.020319367142
1  3  6.15882353  3.059291796846
2  4  6.15882353  3.059291796846
3  1  6.15882353  3.059291796846
4  2  6.15882353  3.059291796846
1  3  6.23529412  3.098260122986
2  4  6.23529412  3.098260122986
3  1  6.23529412  3.098260122986
4  2  6.23529412  3.098260122986
1  3  6.31176471  3.137220975232
2  4  6.31176471  3.137220975232
3  1  6.31176471  3.137220975232
4  2  6.31176471  3.137220975232
1  3  6.38823529  3.176171438218
2  4  6.38823529  3.176171438218
3  1  6.38823529  3.176171438218
4  2  6.38823529  3.176171438218
1  3  6.46470588  3.215109020456
2  4  6.46470588  3.215109020456
3  1  6.46470588  3.215109020456
4  2  6.46470588  3.215109020456
1  3  6.54117647  3.254031622439
2  4  6.54117647  3.254031622439
3  1  6.54117647  3.254031622439
4  2  6.54117647  3.254031622439
1  3  6.61764706  3.292937505078
2  4  6.61764706  3.292937505078
3  1  6.61764706  3.292937505078
4  2  6.61764706  3.292937505078
1  3  6.69411765  3.331825264013
2  4  6.69411765  3.331825264013
3  1  6.69411765  3.331825264013
4  2  6.69411765  3.331825264013
1  3  6.77058824  3.370693789351
2  4  6.77058824  3.370693789351
3  1  6.77058824  3.370693789351
4  2  6.77058824  3.370693789351
1  3  6.84705882  3.409542222102
2  4  6.84705882  3.409542222102
3  1  6.84705882  3.409542222102
4  2  6.84705882  3.409542222102
1  3  6.92352941  3.448369966268
2  4  6.92352941  3.448369966268
3  1  6.92352941  3.448369966268
4  2  6.92352941  3.448369966268
1  3  7.00000000  3.487176627616
2  4  7.00000000  3.487176627616
3  1  7.00000000  3.487176627616
4  2  7.00000000  3.487176627616
1  3  7.07647059  3.525962001097
2  4  7.07647059  3.525962001097
3  1  7.07647059  3.525962001097
4  2  7.07647059  3.525962001097
1  3  7.15294118  3.564726045168
2  4  7.15294118  3.564726045168
3  1  7.15294118  3.564726045168
4  2  7.15294118  3.564726045168
1  3  7.22941176  3.603468860104
2  4  7.22941176  3.603468860104
3  1  7.22941176  3.603468860104
4  2  7.22941176  3.603468860104
1  3  7.30588235  3.642190671385
2  4  7.30588235  3.642190671385
3  1  7.30588235  3.642190671385
4  2  7.30588235  3.642190671385
1  3  7.38235294  3.680891795568
2  4  7.38235294  3.680891795568
3  1  7.38235294  3.680891795568
4  2  7.38235294  3.680891795568
1  3  7.45882353  3.719572648732
2  4  7.45882353  3.719572648732
3  1  7.45882353  3.719572648732
4  2  7.45882353  3.719572648732
1  3  7.53529412  3.758233713768
2  4  7.53529412  3.758233713768
3  1  7.53529412  3.758233713768
4  2  7.53529412  3.758233713768
1  3  7.61176471  3.796875531214
2  4  7.61176471  3.796875531214
3  1  7.61176471  3.796875531214
4  2  7.61176471  3.796875531214
1  3  7.68823529  3.835498687001
2  4  7.68823529  3.835498687001
3  1  7.68823529  3.835498687001
4  2  7.68823529  3.835498687001
1  3  7.76470588  3.874103801538
2  4  7.76470588  3.874103801538
3  1  7.76470588  3.874103801538
4  2  7.76470588  3.874103801538
1  3  7.84117647  3.912691520063
2  4  7.84117647  3.912691520063
3  1  7.84117647  3.912691520063
4  2  7.84117647  3.912691520063
1  3  7.91764706  3.951262504147
2  4  7.91764706  3.951262504147
3  1  7.91764706  3.951262504147
4  2  7.91764706  3.951262504147
1  3  7.99411765  3.989817424288
2  4  7.99411765  3.989817424288
3  1  7.99411765  3.989817424288
4  2  7.99411765  3.989817424288
1  3  8.07058824  4.028356953504
2  4  8.07058824  4.028356953504
3  1  8.07058824  4.028356953504
4  2  8.07058824  4.028356953504
1  3  8.14705882  4.066881761845
2  4  8.14705882  4.066881761845
3  1  8.14705882  4.066881761845
4  2  8.14705882  4.066881761845
1  3  8.22352941  4.105392511751
2  4  8.22352941  4.105392511751
3  1  8.22352941  4.105392511751
4  2  8.22352941  4.105392511751
1  3  8.30000000  4.143889854178
2  4  8.30000000  4.143889854178
3  1  8.30000000  4.143889854178
4  2  8.30000000  4.143889854178
1  3  8.37647059  4.182374425419
2  4  8.37647059  4.182374425419
3  1  8.37647059  4.182374425419
4  2  8.37647059  4.182374425419
1  3  8.45294118  4.220846844555
2  4  8.45294118  4.220846844555
3  1  8.45294118  4.220846844555
4  2  8.45294118  4.220846844555
1  3  8.52941176  4.259307711450
2  4  8.52941176  4.259307711450
3  1  8.52941176  4.259307711450
4  2  8.52941176  4.259307711450
1  3  8.60588235  4.297757605255
2  4  8.60588235  4.297757605255
3  1  8.60588235  4.297757605255
4  2  8.60588235  4.297757605255
1  3  8.68235294  4.336197083330
2  4  8.68235294  4.336197083330
3  1  8.68235294  4.336197083330
4  2  8.68235294  4.336197083330
1  3  8.75882353  4.374626680545
2  4  8.75882353  4.374626680545
3  1  8.75882353  4.374626680545
4  2  8.75882353  4.374626680545
1  3  8.83529412  4.413046908913
2  4  8.83529412  4.413046908913
3  1  8.83529412  4.413046908913
4  2  8.83529412  4.413046908913
1  3  8.91176471  4.451458257483
2  4  8.91176471  4.451458257483
3  1  8.91176471  4.451458257483
4  2  8.91176471  4.451458257483
1  3  8.98823529  4.489861192483
2  4  8.98823529  4.489861192483
3  1  8.98823529  4.489861192483
4  2  8.98823529  4.489861192483
1  3  9.06470588  4.528256157639
2  4  9.06470588  4.528256157639
3  1  9.06470588  4.528256157639
4  2  9.06470588  4.528256157639
1  3  9.14117647  4.566643574654
2  4  9.14117647  4.566643574654
3  1  9.14117647  4.566643574654
4  2  9.14117647  4.566643574654
1  3  9.21764706  4.605023843816
2  4  9.21764706  4.605023843816
3  1  9.21764706  4.605023843816
4  2  9.21764706  4.605023843816
1  3  9.29411765  4.643397344692
2  4  9.29411765  4.643397344692
3  1  9.29411765  4.643397344692
4  2  9.29411765  4.643397344692
1  3  9.37058824  4.681764436901
2  4  9.37058824  4.681764436901
3  1  9.37058824  4.681764436901
4  2  9.37058824  4.681764436901
1  3  9.44705882  4.720125461021
2  4  9.44705882  4.720125461021
3  1  9.44705882  4.720125461021
4  2  9.44705882  4.720125461021
1  3  9.52352941  4.758480740501
2  4  9.52352941  4.758480740501
3  1  9.52352941  4.758480740501
4  2  9.52352941  4.758480740501
1  3  9.60000000  4.796830562988
2  4  9.60000000  4.796830562988
3  1  9.60000000  4.796830562988
4  2  9.60000000  4.796830562988
1  3  9.67647059  4.835175225609
2  4  9.67647059  4.835175225609
3  1  9.67647059  4.835175225609
4  2  9.67647059  4.835175225609
1  3  9.75294118  4.873515051255
2  4  9.75294118  4.873515051255
3  1  9.75294118  4.873515051255
4  2  9.75294118  4.873515051255
1  3  9.82941176  4.911850221679
2  4  9.82941176  4.911850221679
3  1  9.82941176  4.911850221679
4  2  9.82941176  4.911850221679
1  3  9.90588235  4.950181009462
2  4  9.90588235  4.950181009462
3  1  9.90588235  4.950181009462
4  2  9.90588235  4.950181009462
1  3  9.98235294  4.988507643825
2  4  9.98235294  4.988507643825
3  1  9.98235294  4.988507643825
4  2  9.98235294  4.988507643825
1  3  10.05882353  5.026830341198
2  4  10.05882353  5.026830341198
3  1  10.05882353  5.026830341198
4  2  10.05882353  5.026830341198
1  3  10.13529412  5.065149305709
2  4  10.13529412  5.065149305709
3  1  10.13529412  5.065149305709
4  2  10.13529412  5.065149305709
1  3  10.21176471  5.103464730093
2  4  10.21176471  5.103464730093
3  1  10.21176471  5.103464730093
4  2  10.21176471  5.103464730093
1  3  10.28823529  5.141776796394
2  4  10.28823529  5.141776796394
3  1  10.28823529  5.141776796394
4  2  10.28823529  5.141776796394
1  3  10.36470588  5.180085676520
2  4  10.36470588  5.180085676520
3  1  10.36470588  5.180085676520
4  2  10.36470588  5.180085676520
1  3  10.44117647  5.218391532739
2  4  10.44117647  5.218391532739
3  1  10.44117647  5.218391532739
4  2  10.44117647  5.218391532739
1  3  10.51764706  5.256694518177
2  4  10.51764706  5.256694518177
3  1  10.51764706  5.256694518177
4  2  10.51764706  5.256694518177
1  3  10.59411765  5.294994777522
2  4  10.59411765  5.294994777522
3  1  10.59411765  5.294994777522
4  2  10.59411765  5.294994777522
1  3  10.67058824  5.333292448600
2  4  10.67058824  5.333292448600
3  1  10.67058824  5.333292448600
4  2  10.67058824  5.333292448600
1  3  10.74705882  5.371587657270
2  4  10.74705882  5.371587657270
3  1  10.74705882  5.371587657270
4  2  10.74705882  5.371587657270
1  3  10.82352941  5.409880520420
2  4  10.82352941  5.409880520420
3  1  10.82352941  5.409880520420
4  2  10.82352941  5.409880520420
1  3  10.90000000  5.448171160441
2  4  10.90000000  5.448171160441
3  1  10.90000000  5.448171160441
4  2  10.90000000  5.448171160441
1  3  10.97647059  5.486459680467
2  4  10.97647059  5.486459680467
3  1  10.97647059  5.486459680467
4  2  10.97647059  5.486459680467
1  3  11.05294118  5.524746185377
2  4  11.05294118  5.524746185377
3  1  11.05294118  5.524746185377
4  2  11.05294118  5.524746185377
1  3  11.12941176  5.563030771886
2  4  11.12941176  5.563030771886
3  1  11.12941176  5.563030771886
4  2  11.12941176  5.563030771886
1  3  11.20588235  5.601313530289
2  4  11.20588235  5.601313530289
3  1  11.20588235  5.601313530289
4  2  11.20588235  5.601313530289
1  3  11.28235294  5.639594614184
2  4  11.28235294  5.639594614184
3  1  11.28235294  5.639594614184
4  2  11.28235294  5.639594614184
1  3  11.35882353  5.677873967243
2  4  11.35882353  5.677873967243
3  1  11.35882353  5.677873967243
4  2  11.35882353  5.677873967243
1  3  11.43529412  5.716151734276
2  4  11.43529412  5.716151734276
3  1  11.43529412  5.716151734276
4  2  11.43529412  5.716151734276
1  3  11.51176471  5.754427987678
2  4  11.51176471  5.754427987678
3  1  11.51176471  5.754427987678
4  2  11.51176471  5.754427987678
1  3  11.58823529  5.792702795912
2  4  11.58823529  5.792702795912
3  1  11.58823529  5.792702795912
4  2  11.58823529  5.792702795912
1  3  11.66470588  5.830976222509
2  4  11.66470588  5.830976222509
3  1  11.66470588  5.830976222509
4  2  11.66470588  5.830976222509
1  3  11.74117647  5.869248329117
2  4  11.74117647  5.869248329117
3  1  11.74117647  5.869248329117
4  2  11.74117647  5.869248329117
1  3  11.81764706  5.907519173050
2  4  11.81764706  5.907519173050
3  1  11.81764706  5.907519173050
4  2  11.81764706  5.907519173050
1  3  11.89411765  5.945788808686
2  4  11.89411765  5.945788808686
3  1  11.89411765  5.945788808686
4  2  11.89411765  5.945788808686
1  3  11.97058824  5.984057287500
2  4  11.97058824  5.984057287500
3  1  11.97058824  5.984057287500
4  2  11.97058824  5.984057287500
1  3  12.04705882  6.022324658234
2  4  12.04705882  6.022324658234
3  1  12.04705882  6.022324658234
4  2  12.04705882  6.022324658234
1  3  12.12352941  6.060590967075
2  4  12.12352941  6.060590967075
3  1  12.12352941  6.060590967075
4  2  12.12352941  6.060590967075
1  3  12.20000000  6.098856257809
2  4  12.20000000  6.098856257809
3  1  12.20000000  6.098856257809
4  2  12.20000000  6.098856257809
1  3  12.27647059  6.137120571973
2  4  12.27647059  6.137120571973
3  1  12.27647059  6.137120571973
4  2  12.27647059  6.137120571973
1  3  12.35294118  6.175383949000
2  4  12.35294118  6.175383949000
3  1  12.35294118  6.175383949000
4  2  12.35294118  6.175383949000
1  3  12.42941176  6.213646426342
2  4  12.42941176  6.213646426342
3  1  12.42941176  6.213646426342
4  2  12.42941176  6.213646426342
1  3  12.50588235  6.251908039601
2  4  12.50588235  6.251908039601
3  1  12.50588235  6.251908039601
4  2  12.50588235  6.251908039601
1  3  12.58235294  6.290168822639
2  4  12.58235294  6.290168822639
3  1  12.58235294  6.290168822639
4  2  12.58235294  6.290168822639
1  3  12.65882353  6.328428807684
2  4  12.65882353  6.328428807684
3  1  12.65882353  6.328428807684
4  2  12.65882353  6.328428807684
1  3  12.73529412  6.366688025431
2  4  12.73529412  6.366688025431
3  1  12.73529412  6.366688025431
4  2  12.73529412  6.366688025431
1  3  12.81176471  6.404946505134
2  4  12.81176471  6.404946505134
3  1  12.81176471  6.404946505134
4  2  12.81176471  6.404946505134
1  3  12.88823529  6.443204274686
2  4  12.88823529  6.443204274686
3  1  12.88823529  6.443204274686
4  2  12.88823529  6.443204274686
1  3  12.96470588  6.481461360707
2  4  12.96470588  6.481461360707
3  1  12.96470588  6.481461360707
4  2  12.96470588  6.481461360707
1  3  13.04117647  6.519717788610
2  4  13.04117647  6.519717788610
3  1  13.04117647  6.519717788610
4  2  13.04117647  6.519717788610
1  3  13.11764706  6.557973582670
2  4  13.11764706  6.557973582670
3  1  13.11764706  6.557973582670
4  2  13.11764706  6.557973582670
1  3  13.19411765  6.596228766092
2  4  13.19411765  6.596228766092
3  1  13.19411765  6.596228766092
4  2  13.19411765  6.596228766092
1  3  13.27058824  6.634483361064
2  4  13.27058824  6.634483361064
3  1  13.27058824  6.634483361064
4  2  13.27058824  6.634483361064
1  3  13.34705882  6.672737388817
2  4  13.34705882  6.672737388817
3  1  13.34705882  6.672737388817
4  2  13.34705882  6.672737388817
1  3  13.42352941  6.710990869668
2  4  13.42352941  6.710990869668
3  1  13.42352941  6.710990869668
4  2  13.42352941  6.710990869668
1  3  13.50000000  6.749243823077
2  4  13.50000000  6.749243823077
3  1  13.50000000  6.749243823077
4  2  13.50000000  6.749243823077
1  3  13.57647059  6.787496267681
2  4  13.57647059  6.787496267681
3  1  13.57647059  6.787496267681
4  2  13.57647059  6.787496267681
1  3  13.65294118  6.825748221343
2  4  13.65294118  6.825748221343
3  1  13.65294118  6.825748221343
4  2  13.65294118  6.825748221343
1  3  13.72941176  6.863999701186
2  4  13.72941176  6.863999701186
3  1  13.72941176  6.863999701186
4  2  13.72941176  6.863999701186
1  3  13.80588235  6.902250723630
2  4  13.80588235  6.902250723630
3  1  13.80588235  6.902250723630
4  2  13.80588235  6.902250723630
1  3  13.88235294  6.940501304424
2  4  13.88235294  6.940501304424
3  1  13.88235294  6.940501304424
4  2  13.88235294  6.940501304424
1  3  13.95882353  6.978751458680
2  4  13.95882353  6.978751458680
3  1  13.95882353  6.978751458680
4  2  13.95882353  6.978751458680
1  3  14.03529412  7.017001200904
2  4  14.03529412  7.017001200904
3  1  14.03529412  7.017001200904
4  2  14.03529412  7.017001200904
1  3  14.11176471  7.055250545018
2  4  14.11176471  7.055250545018
3  1  14.11176471  7.055250545018
4  2  14.11176471  7.055250545018
1  3  14.18823529  7.093499504393
2  4  14.18823529  7.093499504393
3  1  14.18823529  7.093499504393
4  2  14.18823529  7.093499504393
1  3  14.26470588  7.131748091869
2  4  14.26470588  7.131748091869
3  1  14.26470588  7.131748091869
4  2  14.26470588  7.131748091869
1  3  14.34117647  7.169996319781
2  4  14.34117647  7.169996319781
3  1  14.34117647  7.169996319781
4  2  14.34117647  7.169996319781
1  3  14.41764706  7.208244199982
2  4  14.41764706  7.208244199982
3  1  14.41764706  7.208244199982
4  2  14.41764706  7.208244199982
1  3  14.49411765  7.246491743862
2  4  14.49411765  7.246491743862
3  1  14.49411765  7.246491743862
4  2  14.49411765  7.246491743862
1  3  14.57058824  7.284738962371
2  4  14.57058824  7.284738962371
3  1  14.57058824  7.284738962371
4  2  14.57058824  7.284738962371
1  3  14.64705882  7.322985866035
2  4  14.64705882  7.322985866035
3  1  14.64705882  7.322985866035
4  2  14.64705882  7.322985866035
1  3  14.72352941  7.361232464978
2  4  14.72352941  7.361232464978
3  1  14.72352941  7.361232464978
4  2  14.72352941  7.361232464978
1  3  14.80000000  7.399478768935
2  4  14.80000000  7.399478768935
3  1  14.80000000  7.399478768935
4  2  14.80000000  7.399478768935
1  3  14.87647059  7.437724787273
2  4  14.87647059  7.437724787273
3  1  14.87647059  7.437724787273
4  2  14.87647059  7.437724787273
1  3  14.95294118  7.475970529004
2  4  14.95294118  7.475970529004
3  1  14.95294118  7.475970529004
4  2  14.95294118  7.475970529004
1  3  15.02941176  7.514216002802
2  4  15.02941176  7.514216002802
3  1  15.02941176  7.514216002802
4  2  15.02941176  7.514216002802
1  3  15.10588235  7.552461217015
2  4  15.10588235  7.552461217015
3  1  15.10588235  7.552461217015
4  2  15.10588235  7.552461217015
1  3  15.18235294  7.590706179683
2  4  15.18235294  7.590706179683
3  1  15.18235294  7.590706179683
4  2  15.18235294  7.590706179683
1  3  15.25882353  7.628950898544
2  4  15.25882353  7.628950898544
3  1  15.25882353  7.628950898544
4  2  15.25882353  7.628950898544
1  3  15.33529412  7.667195381057
2  4  15.33529412  7.667195381057
3  1  15.33529412  7.667195381057
4  2  15.33529412  7.667195381057
1  3  15.41176471  7.705439634405
2  4  15.41176471  7.705439634405
3  1  15.41176471  7.705439634405
4  2  15.41176471  7.705439634405
1  3  15.48823529  7.743683668916
2  4  15.48823529  7.743683668916
3  1  15.48823529  7.743683668916
4  2  15.48823529  7.743683668916
1  3  15.56470588  7.781927485040
2  4  15.56470588  7.781927485040
3  1  15.56470588  7.781927485040
4  2  15.56470588  7.781927485040
1  3  15.64117647  7.820171092042
2  4  15.64117647  7.820171092042
3  1  15.64117647  7.820171092042
4  2  15.64117647  7.820171092042
1  3  15.71764706  7.858414496124
2  4  15.71764706  7.858414496124
3  1  15.71764706  7.858414496124
4  2  15.71764706  7.858414496124
1  3  15.79411765  7.896657703270
2  4  15.79411765  7.896657703270
3  1  15.79411765  7.896657703270
4  2  15.79411765  7.896657703270
1  3  15.87058824  7.934900719250
2  4  15.87058824  7.934900719250
3  1  15.87058824  7.934900719250
4  2  15.87058824  7.934900719250
1  3  15.94705882  7.973143549636
2  4  15.94705882  7.973143549636
3  1  15.94705882  7.973143549636
4  2  15.94705882  7.973143549636
1  3  16.02352941  8.011386199803
2  4  16.02352941  8.011386199803
3  1  16.02352941  8.011386199803
4  2  16.02352941  8.011386199803
1  3  16.10000000  8.049628674942
2  4  16.10000000  8.049628674942
3  1  16.10000000  8.049628674942
4  2  16.10000000  8.049628674942
1  3  16.17647059  8.087870980066
2  4  16.17647059  8.087870980066
3  1  16.17647059  8.087870980066
4  2  16.17647059  8.087870980066
1  3  16.25294118  8.126113120016
2  4  16.25294118  8.126113120016
3  1  16.25294118  8.126113120016
4  2  16.25294118  8.126113120016
1  3  16.32941176  8.164355099471
2  4  16.32941176  8.164355099471
3  1  16.32941176  8.164355099471
4  2  16.32941176  8.164355099471
1  3  16.40588235  8.202596922951
2  4  16.40588235  8.202596922951
3  1  16.40588235  8.202596922951
4  2  16.40588235  8.202596922951
1  3  16.48235294  8.240838594826
2  4  16.48235294  8.240838594826
3  1  16.48235294  8.240838594826
4  2  16.48235294  8.240838594826
1  3  16.55882353  8.279080119320
2  4  16.55882353  8.279080119320
3  1  16.55882353  8.279080119320
4  2  16.55882353  8.279080119320
1  3  16.63529412  8.317321500520
2  4  16.63529412  8.317321500520
3  1  16.63529412  8.317321500520
4  2  16.63529412  8.317321500520
1  3  16.71176471  8.355562742378
2  4  16.71176471  8.355562742378
3  1  16.71176471  8.355562742378
4  2  16.71176471  8.355562742378
1  3  16.78823529  8.393803848716
2  4  16.78823529  8.393803848716
3  1  16.78823529  8.393803848716
4  2  16.78823529  8.393803848716
1  3  16.86470588  8.432044823236
2  4  16.86470588  8.432044823236
3  1  16.86470588  8.432044823236
4  2  16.86470588  8.432044823236
1  3  16.94117647  8.470285669518
2  4  16.94117647  8.470285669518
3  1  16.94117647  8.470285669518
4  2  16.94117647  8.470285669518
1  3  17.01764706  8.508526391029
2  4  17.01764706  8.508526391029
3  1  17.01764706  8.508526391029
4  2  17.01764706  8.508526391029
1  3  17.09411765  8.546766991127
2  4  17.09411765  8.546766991127
3  1  17.09411765  8.546766991127
4  2  17.09411765  8.546766991127
1  3  17.17058824  8.585007473062
2  4  17.17058824  8.585007473062
3  1  17.17058824  8.585007473062
4  2  17.17058824  8.585007473062
1  3  17.24705882  8.623247839984
2  4  17.24705882  8.623247839984
3  1  17.24705882  8.623247839984
4  2  17.24705882  8.623247839984
1  3  17.32352941  8.661488094944
2  4  17.32352941  8.661488094944
3  1  17.32352941  8.661488094944
4  2  17.32352941  8.661488094944
1  3  17.40000000  8.699728240900
2  4  17.40000000  8.699728240900
3  1  17.40000000  8.699728240900
4  2  17.40000000  8.699728240900
1  3  17.47647059  8.737968280716
2  4  17.47647059  8.737968280716
3  1  17.47647059  8.737968280716
4  2  17.47647059  8.737968280716
1  3  17.55294118  8.776208217170
2  4  17.55294118  8.776208217170
3  1  17.55294118  8.776208217170
4  2  17.55294118  8.776208217170
1  3  17.62941176  8.814448052957
2  4  17.62941176  8.814448052957
3  1  17.62941176  8.814448052957
4  2  17.62941176  8.814448052957
1  3  17.70588235  8.852687790686
2  4  17.70588235  8.852687790686
3  1  17.70588235  8.852687790686
4  2  17.70588235  8.852687790686
1  3  17.78235294  8.890927432891
2  4  17.78235294  8.890927432891
3  1  17.78235294  8.890927432891
4  2  17.78235294  8.890927432891
1  3  17.85882353  8.929166982028
2  4  17.85882353  8.929166982028
3  1  17.85882353  8.929166982028
4  2  17.85882353  8.929166982028
1  3  17.93529412  8.967406440481
2  4  17.93529412  8.967406440481
3  1  17.93529412  8.967406440481
4  2  17.93529412  8.967406440481
1  3  18.01176471  9.005645810562
2  4  18.01176471  9.005645810562
3  1  18.01176471  9.005645810562
4  2  18.01176471  9.005645810562
1  3  18.08823529  9.043885094515
2  4  18.08823529  9.043885094515
3  1  18.08823529  9.043885094515
4  2  18.08823529  9.043885094515
1  3  18.16470588  9.082124294517
2  4  18.16470588  9.082124294517
3  1  18.16470588  9.082124294517
4  2  18.16470588  9.082124294517
1  3  18.24117647  9.120363412683
2  4  18.24117647  9.120363412683
3  1  18.24117647  9.120363412683
4  2  18.24117647  9.120363412683
1  3  18.31764706  9.158602451063
2  4  18.31764706  9.158602451063
3  1  18.31764706  9.158602451063
4  2  18.31764706  9.158602451063
1  3  18.39411765  9.196841411652
2  4  18.39411765  9.196841411652
3  1  18.39411765  9.196841411652
4  2  18.39411765  9.196841411652
1  3  18.47058824  9.235080296382
2  4  18.47058824  9.235080296382
3  1  18.47058824  9.235080296382
4  2  18.47058824  9.235080296382
1  3  18.54705882  9.273319107134
2  4  18.54705882  9.273319107134
3  1  18.54705882  9.273319107134
4  2  18.54705882  9.273319107134
1  3  18.62352941  9.311557845731
2  4  18.62352941  9.311557845731
3  1  18.62352941  9.311557845731
4  2  18.62352941  9.311557845731
1  3  18.70000000  9.349796513946
2  4  18.70000000  9.349796513946
3  1  18.70000000  9.349796513946
4  2  18.70000000  9.349796513946
1  3  18.77647059  9.388035113502
2  4  18.77647059  9.388035113502
3  1  18.77647059  9.388035113502
4  2  18.77647059  9.388035113502
1  3  18.85294118  9.426273646071
2  4  18.85294118  9.426273646071
3  1  18.85294118  9.426273646071
4  2  18.85294118  9.426273646071
1  3  18.92941176  9.464512113279
2  4  18.92941176  9.464512113279
3  1  18.92941176  9.464512113279
4  2  18.92941176  9.464512113279
1  3  19.00588235  9.502750516706
2  4  19.00588235  9.502750516706
3  1  19.00588235  9.502750516706
4  2  19.00588235  9.502750516706
1  3  19.08235294  9.540988857888
2  4  19.08235294  9.540988857888
3  1  19.08235294  9.540988857888
4  2  19.08235294  9.540988857888
1  3  19.15882353  9.579227138317
2  4  19.15882353  9.579227138317
3  1  19.15882353  9.579227138317
4  2  19.15882353  9.579227138317
1  3  19.23529412  9.617465359445
2  4  19.23529412  9.617465359445
3  1  19.23529412  9.617465359445
4  2  19.23529412  9.617465359445
1  3  19.31176471  9.655703522682
2  4  19.31176471  9.655703522682
3  1  19.31176471  9.655703522682
4  2  19.31176471  9.655703522682
1  3  19.38823529  9.693941629400
2  4  19.38823529  9.693941629400
3  1  19.38823529  9.693941629400
4  2  19.38823529  9.693941629400
1  3  19.46470588  9.732179680933
2  4  19.46470588  9.732179680933
3  1  19.46470588  9.732179680933
4  2  19.46470588  9.732179680933
1  3  19.54117647  9.770417678578
2  4  19.54117647  9.770417678578
3  1  19.54117647  9.770417678578
4  2  19.54117647  9.770417678578
1  3  19.61764706  9.808655623597
2  4  19.61764706  9.808655623597
3  1  19.61764706  9.808655623597
4  2  19.61764706  9.808655623597
1  3  19.69411765  9.846893517218
2  4  19.69411765  9.846893517218
3  1  19.69411765  9.846893517218
4  2  19.69411765  9.846893517218
1  3  19.77058824  9.885131360635
2  4  19.77058824  9.885131360635
3  1  19.77058824  9.885131360635
4  2  19.77058824  9.885131360635
1  3  19.84705882  9.923369155010
2  4  19.84705882  9.923369155010
3  1  19.84705882  9.923369155010
4  2  19.84705882  9.923369155010
1  3  19.92352941  9.961606901474
2  4  19.92352941  9.961606901474
3  1  19.92352941  9.961606901474
4  2  19.92352941  9.961606901474
1  3  20.00000000  9.999844601126
2  4  20.00000000  9.999844601126
3  1  20.00000000  9.999844601126
4  2  20.00000000  9.999844601126
