0.000000e+00  1.0400000000e+00  0.0000000000e+00  1.0400000000e+00  0.0000000000e+00
5.000000e-02  1.0218800776e+00  -7.1331610752e-03  1.0218799004e+00  -7.1339830663e-03
1.000000e-01  9.6969997232e-01  -9.5085266537e-03  9.6969927837e-01  -9.5105703437e-03
1.500000e-01  8.8908235114e-01  -4.3499262588e-03  8.8908084145e-01  -4.3539652859e-03
2.000000e-01  7.8707518334e-01  8.4787884906e-03  7.8707260501e-01  8.4717129331e-03
2.500000e-01  6.7043283761e-01  2.7264305900e-02  6.7042900465e-01  2.7253040112e-02
3.000000e-01  5.4500961961e-01  4.9660458762e-02  5.4500435135e-01  4.9643855980e-02
3.500000e-01  4.1588847311e-01  7.3524084694e-02  4.1588169984e-01  7.3501266876e-02
4.000000e-01  2.8767622344e-01  9.7024591514e-02  2.8766805482e-01  9.6995059769e-02
4.500000e-01  1.6442118919e-01  1.1851993316e-01  1.6441200581e-01  1.1848354801e-01
5.000000e-01  4.9411165952e-02  1.3650373931e-01  4.9401525500e-02  1.3646068546e-01
5.500000e-01  -5.5022241794e-02  1.4981655515e-01  -5.5031749911e-02  1.4976736180e-01
6.000000e-01  -1.4735103801e-01  1.5778585017e-01  -1.4735980280e-01  1.5773146166e-01
6.500000e-01  -2.2666123124e-01  1.6021928732e-01  -2.2666867322e-01  1.6016104155e-01
7.000000e-01  -2.9252248954e-01  1.5728369609e-01  -2.9252799841e-01  1.5722324918e-01
7.500000e-01  -3.4490955694e-01  1.4932042072e-01  -3.4491256903e-01  1.4925957986e-01
8.000000e-01  -3.8422429317e-01  1.3685511252e-01  -3.8422437121e-01  1.3679572841e-01
8.500000e-01  -4.1115004082e-01  1.2059030330e-01  -4.1114684917e-01  1.2053405442e-01
9.000000e-01  -4.2655553569e-01  1.0136998832e-01  -4.2654897343e-01  1.0131839139e-01
9.500000e-01  -4.3137259916e-01  8.0090233110e-02  -4.3136288850e-01  8.0044569050e-02
1.000000e+00  -4.2657313239e-01  5.7584585536e-02  -4.2656067500e-01  5.7545993418e-02
1.050000e+00  -4.1320386571e-01  3.4599833790e-02  -4.1318922355e-01  3.4569190312e-02
1.100000e+00  -3.9238200374e-01  1.1802101001e-02  -3.9236578657e-01  1.1780035307e-02
1.150000e+00  -3.6526632573e-01  -1.0185055197e-02  -3.6524926889e-01  -1.0198224457e-02
1.200000e+00  -3.3297936172e-01  -3.0767255611e-02  -3.3296221198e-01  -3.0771561651e-02
1.250000e+00  -2.9658195080e-01  -4.9449594949e-02  -2.9656538951e-01  -4.9445250079e-02
1.300000e+00  -2.5710355608e-01  -6.5852558513e-02  -2.5708825720e-01  -6.5840065702e-02
1.350000e+00  -2.1555337689e-01  -7.9713623925e-02  -2.1553994388e-01  -7.9693635321e-02
1.400000e+00  -1.7289836189e-01  -9.0851872599e-02  -1.7288735624e-01  -9.0825147225e-02
1.450000e+00  -1.3006602828e-01  -9.9162611977e-02  -1.3005789495e-01  -9.9130093536e-02
1.500000e+00  -8.7919312102e-02  -1.0460081704e-01  -8.7914326363e-02  -1.0456341426e-01
1.550000e+00  -4.7221625287e-02  -1.0721130437e-01  -4.7219880033e-02  -1.0717009981e-01
1.600000e+00  -8.6635195520e-03  -1.0709285399e-01  -8.6650371951e-03  -1.0704890917e-01
1.650000e+00  2.7122900430e-02  -1.0442782415e-01  2.7118221518e-02  -1.0438212313e-01
1.700000e+00  5.9637686214e-02  -9.9445111049e-02  5.9630046353e-02  -9.9398796621e-02
1.750000e+00  8.8450041518e-02  -9.2406631705e-02  8.8439754885e-02  -9.2360794774e-02
1.800000e+00  1.1325774789e-01  -8.3593726481e-02  1.1324508891e-01  -8.3549342907e-02
1.850000e+00  1.3385038012e-01  -7.3335187916e-02  1.3383616012e-01  -7.3295923267e-02
1.900000e+00  1.5010002351e-01  -6.1968393919e-02  1.5008383571e-01  -6.1931589783e-02
1.950000e+00  1.6197873123e-01  -4.9837583658e-02  1.6196105349e-01  -4.9803912376e-02
2.000000e+00  1.6954201286e-01  -3.7271281565e-02  1.6952331636e-01  -3.7241665502e-02
2.050000e+00  1.7295028894e-01  -2.4576572648e-02  1.7293105305e-01  -2.4551560339e-02
2.100000e+00  1.7243563299e-01  -1.2054404220e-02  1.7241631915e-01  -1.2034410762e-02
2.150000e+00  1.6830671013e-01  8.7047056497e-06  1.6828777356e-01  2.3402320470e-05
2.200000e+00  1.6091310829e-01  1.1353738034e-02  1.6089493991e-01  1.1362965907e-02
2.250000e+00  1.5063584162e-01  2.1755220072e-02  1.5061884876e-01  2.1759017698e-02
2.300000e+00  1.3790007268e-01  3.1036958351e-02  1.3788456745e-01  3.1035447702e-02
2.350000e+00  1.2316010082e-01  3.9064861726e-02  1.2314625020e-01  3.9058452031e-02
2.400000e+00  1.0688216491e-01  4.5734646787e-02  1.0687020973e-01  4.5723692162e-02
2.450000e+00  8.9529039234e-02  5.0974987127e-02  8.9519270517e-02  5.0959958272e-02
2.500000e+00  7.1556059557e-02  5.4752562859e-02  7.1548534870e-02  5.4734002561e-02
2.550000e+00  5.3378267547e-02  5.7068789147e-02  5.3373062545e-02  5.7047199822e-02
2.600000e+00  3.5408285294e-02  5.7964968091e-02  3.5406339532e-02  5.7941820562e-02
2.650000e+00  1.8016776957e-02  5.7508437177e-02  1.8017441934e-02  5.7483323161e-02
2.700000e+00  1.5330477109e-03  5.5792417770e-02  1.5357473527e-03  5.5765994470e-02
2.750000e+00  -1.3753434600e-02  5.2941490531e-02  -1.3748849954e-02  5.2914426703e-02
2.800000e+00  -2.7610052221e-02  4.9080895437e-02  -2.7602419362e-02  4.9054724050e-02
2.850000e+00  -3.9834256657e-02  4.4363842208e-02  -3.9824458325e-02  4.4338794316e-02
2.900000e+00  -5.0286729033e-02  3.8952004887e-02  -5.0275986525e-02  3.8927624705e-02
2.950000e+00  -5.8871498683e-02  3.3004256104e-02  -5.8859788447e-02  3.2981190228e-02
3.000000e+00  -6.5544872163e-02  2.6686832014e-02  -6.5532137511e-02  2.6665715339e-02
3.050000e+00  -7.0302661686e-02  2.0163449750e-02  -7.0289049585e-02  2.0144629850e-02
3.100000e+00  -7.3189173000e-02  1.3593012678e-02  -7.3174864430e-02  1.3576770243e-02
3.150000e+00  -7.4287423295e-02  7.1268087423e-03  -7.4272826225e-02  7.1133543121e-03
3.200000e+00  -7.3693261034e-02  9.0323231531e-04  -7.3678644666e-02  8.9274088123e-04
3.250000e+00  -7.1547699326e-02  -4.9591538399e-03  -7.1533330778e-02  -4.9665487190e-03
3.300000e+00  -6.8013041260e-02  -1.0354046285e-02  -6.7999179406e-02  -1.0358483018e-02
3.350000e+00  -6.3268150119e-02  -1.5190401145e-02  -6.3255177878e-02  -1.5191903850e-02
3.400000e+00  -5.7509827464e-02  -1.9395395521e-02  -5.7497909653e-02  -1.9394094410e-02
3.450000e+00  -5.0936712904e-02  -2.2914050791e-02  -5.0926111042e-02  -2.2910222797e-02
3.500000e+00  -4.3747767351e-02  -2.5711016753e-02  -4.3738603646e-02  -2.5704572255e-02
3.550000e+00  -3.6146086325e-02  -2.7767782556e-02  -3.6138561946e-02  -2.7759171498e-02
3.600000e+00  -2.8328432152e-02  -2.9085838688e-02  -2.8322558598e-02  -2.9075305337e-02
3.650000e+00  -2.0478834485e-02  -2.9685270429e-02  -2.0474532946e-02  -2.9672779266e-02
3.700000e+00  -1.2771378922e-02  -2.9595091443e-02  -1.2768613251e-02  -2.9581280362e-02
3.750000e+00  -5.3614998865e-03  -2.8864082725e-02  -5.3611463070e-03  -2.8848501076e-02
3.800000e+00  1.6134945227e-03  -2.7545428249e-02  1.6118918248e-03  -2.7528785722e-02
3.850000e+00  8.0347560884e-03  -2.5705988933e-02  8.0317136311e-03  -2.5689560938e-02
3.900000e+00  1.3803039822e-02  -2.3417192244e-02  1.3798596568e-02  -2.3401390618e-02
3.950000e+00  1.8844587143e-02  -2.0760759797e-02  1.8838810783e-02  -2.0745470778e-02
4.000000e+00  2.3102711398e-02  -1.7815326442e-02  2.3095762263e-02  -1.7800901219e-02
4.050000e+00  2.6540774686e-02  -1.4663025875e-02  2.6532689985e-02  -1.4649612754e-02
4.100000e+00  2.9148376048e-02  -1.1389812316e-02  2.9139504906e-02  -1.1377645898e-02
4.150000e+00  3.0926761036e-02  -8.0735896403e-03  3.0917340729e-02  -8.0630653852e-03
4.200000e+00  3.1899667763e-02  -4.7904299180e-03  3.1889977464e-02  -4.7813029194e-03
4.250000e+00  3.2108084782e-02  -1.6096417421e-03  3.2098230186e-02  -1.6022163196e-03
4.300000e+00  3.1604205517e-02  1.4053496902e-03  3.1593067796e-02  1.4106712999e-03
4.350000e+00  3.0450010290e-02  4.1988780248e-03  3.0438772660e-02  4.2022550598e-03
4.400000e+00  2.8719660467e-02  6.7237315569e-03  2.8709197200e-02  6.7253899256e-03
4.450000e+00  2.6493217656e-02  8.9396153696e-03  2.6482935584e-02  8.9391616364e-03
4.500000e+00  2.3854063406e-02  1.0819448584e-02  2.3844504021e-02  1.0817515589e-02
4.550000e+00  2.0889974618e-02  1.2344036711e-02  2.0881663071e-02  1.2340700066e-02
4.600000e+00  1.7691450498e-02  1.3502637176e-02  1.7684077892e-02  1.3497966555e-02
4.650000e+00  1.4343922578e-02  1.4293111242e-02  1.4337623618e-02  1.4287375690e-02
4.700000e+00  1.0932753803e-02  1.4722201370e-02  1.0927513393e-02  1.4715746907e-02
4.750000e+00  7.5366469780e-03  1.4802074457e-02  7.5326135671e-03  1.4794800743e-02
4.800000e+00  4.2260694758e-03  1.4554423031e-02  4.2232352456e-03  1.4546483276e-02
4.850000e+00  1.0682099862e-03  1.4006959344e-02  1.0667164201e-03  1.3998451978e-02
4.900000e+00  -1.8790512248e-03  1.3187143031e-02  -1.8792819323e-03  1.3178264044e-02
4.950000e+00  -4.5680231681e-03  1.2135333013e-02  -4.5670794190e-03  1.2126336138e-02
5.000000e+00  -6.9593357972e-03  1.0886925370e-02  -6.9574670421e-03  1.0878236458e-02
5.050000e+00  -9.0222778230e-03  9.4814905432e-03  -9.0195196221e-03  9.4732254198e-03
5.100000e+00  -1.0736627409e-02  7.9613866109e-03  -1.0732940147e-02  7.9533739173e-03
5.150000e+00  -1.2090634101e-02  6.3652379720e-03  -1.2086303110e-02  6.3577470531e-03
5.200000e+00  -1.3079212430e-02  4.7329542071e-03  -1.3074271501e-02  4.7261606215e-03
5.250000e+00  -1.3710657641e-02  3.1036342693e-03  -1.3705287131e-02  3.0975704229e-03
5.300000e+00  -1.3996862894e-02  1.5127397087e-03  -1.3991132191e-02  1.5074624430e-03
5.350000e+00  -1.3956991046e-02  -7.8989114006e-06  -1.3951120753e-02  -1.2215282099e-05
5.400000e+00  -1.3616508469e-02  -1.4292349219e-03  -1.3610325479e-02  -1.4326024026e-03
5.450000e+00  -1.3002712603e-02  -2.7276234888e-03  -1.2996556815e-02  -2.7299721454e-03
5.500000e+00  -1.2149731604e-02  -3.8821800695e-03  -1.2143753856e-02  -3.8836243951e-03
5.550000e+00  -1.1093961348e-02  -4.8775635514e-03  -1.1088233895e-02  -4.8779290931e-03
5.600000e+00  -9.8736946861e-03  -5.7024042892e-03  -9.8682959131e-03  -5.7018832512e-03
5.650000e+00  -8.5280182356e-03  -6.3492918443e-03  -8.5230679377e-03  -6.3479534083e-03
5.700000e+00  -7.0947028849e-03  -6.8158528280e-03  -7.0902891963e-03  -6.8137766720e-03
5.750000e+00  -5.6115888155e-03  -7.1039298654e-03  -5.6078271015e-03  -7.1012167744e-03
5.800000e+00  -4.1138741495e-03  -7.2190701450e-03  -4.1108154722e-03  -7.2157963401e-03
5.850000e+00  -2.6362873800e-03  -7.1705994657e-03  -2.6338092053e-03  -7.1667997264e-03
5.900000e+00  -1.2093817009e-03  -6.9694310955e-03  -1.2076613803e-03  -6.9652907368e-03
5.950000e+00  1.4009674517e-04  -6.6299548989e-03  1.4107332064e-04  -6.6255095922e-03
6.000000e+00  1.3873763578e-03  -6.1687245607e-03  1.3876539468e-03  -6.1641118901e-03
6.050000e+00  2.5129710874e-03  -5.6033719768e-03  2.5126358700e-03  -5.5987048856e-03
6.100000e+00  3.5021130034e-03  -4.9538958270e-03  3.5011283905e-03  -4.9493295383e-03
6.150000e+00  4.3412043259e-03  -4.2395252900e-03  4.3396575044e-03  -4.2347495693e-03
6.200000e+00  5.0240694304e-03  -3.4800496238e-03  5.0220277978e-03  -3.4753091182e-03
6.250000e+00  5.5475060765e-03  -2.6952679914e-03  5.5449345059e-03  -2.6909271316e-03
6.300000e+00  5.9112278699e-03  -1.9038329707e-03  5.9082083467e-03  -1.8999525273e-03
6.350000e+00  6.1194563430e-03  -1.1231693238e-03  6.1160777298e-03  -1.1196709306e-03
6.400000e+00  6.1781626842e-03  -3.6958556439e-04  6.1744981319e-03  -3.6647418376e-04
6.450000e+00  6.0971429646e-03  3.4262620417e-04  6.0933104026e-03  3.4519896420e-04
6.500000e+00  5.8886649260e-03  1.0005318247e-03  5.8848420005e-03  1.0026664641e-03
6.550000e+00  5.5665776037e-03  1.5935182693e-03  5.5626512262e-03  1.5950927722e-03
6.600000e+00  5.1463282036e-03  2.1135354309e-03  5.1425142095e-03  2.1145350235e-03
6.650000e+00  4.6438187612e-03  2.5530170393e-03  4.6401903418e-03  2.5534911618e-03
6.700000e+00  4.0760666883e-03  2.9082394249e-03  4.0726555230e-03  2.9081223247e-03
6.750000e+00  3.4602766819e-03  3.1770494508e-03  3.4571296201e-03  3.1765014889e-03
6.800000e+00  2.8129781461e-03  3.3589940369e-03  2.8101820278e-03  3.3580730599e-03
6.850000e+00  2.1513786830e-03  3.4561985084e-03  2.1488990219e-03  3.4549072153e-03
6.900000e+00  1.4900894987e-03  3.4721719638e-03  1.4880568912e-03  3.4705177387e-03
6.950000e+00  8.4406601778e-04  3.4117857346e-03  8.4254566702e-04  3.4098151170e-03
7.000000e+00  2.2638430777e-04  3.2814060620e-03  2.2534489516e-04  3.2791834295e-03
7.050000e+00  -3.5129413711e-04  3.0888481716e-03  -3.5184806114e-04  3.0864100618e-03
7.100000e+00  -8.7962959813e-04  2.8419579162e-03  -8.7975111082e-04  2.8394626271e-03
7.150000e+00  -1.3501460022e-03  2.5501986590e-03  -1.3498614347e-03  2.5477045523e-03
7.200000e+00  -1.7572129555e-03  2.2224354599e-03  -1.7565491273e-03  2.2200229751e-03
7.250000e+00  -2.0957100321e-03  1.8688356507e-03  -2.0946977346e-03  1.8665617283e-03
7.300000e+00  -2.3640195512e-03  1.4980799855e-03  -2.3627513419e-03  1.4959857928e-03
7.350000e+00  -2.5608842344e-03  1.1198746367e-03  -2.5593204110e-03  1.1178888659e-03
7.400000e+00  -2.6871226210e-03  7.4275085249e-04  -2.6853806395e-03  7.4100756029e-04
7.450000e+00  -2.7453372417e-03  3.7456811166e-04  -2.7435311375e-03  3.7300662091e-04
7.500000e+00  -2.7391628011e-03  2.3008639416e-05  -2.7373225561e-03  2.1749373107e-05
7.550000e+00  -2.6732724622e-03  -3.0522026201e-04  -2.6713966134e-03  -3.0616171814e-04
7.600000e+00  -2.5533566637e-03  -6.0523764123e-04  -2.5515429589e-03  -6.0582413776e-04
7.650000e+00  -2.3860851724e-03  -8.7194384466e-04  -2.3843295347e-03  -8.7223323684e-04
7.700000e+00  -2.1785830018e-03  -1.1019760284e-03  -2.1768877731e-03  -1.1019815452e-03
7.750000e+00  -1.9384291484e-03  -1.2929413251e-03  -1.9369095455e-03  -1.2927775672e-03
7.800000e+00  -1.6730980016e-03  -1.4428381331e-03  -1.6717947045e-03  -1.4425753428e-03
7.850000e+00  -1.3902532496e-03  -1.5511542170e-03  -1.3891597272e-03  -1.5507428811e-03
7.900000e+00  -1.0974222417e-03  -1.6185417210e-03  -1.0965768588e-03  -1.6180705308e-03
7.950000e+00  -8.0147891679e-04  -1.6463251770e-03  -8.0080573497e-04  -1.6457643764e-03
8.000000e+00  -5.0920301456e-04  -1.6365888682e-03  -5.0870549943e-04  -1.6359262135e-03
