    0.000000        1.040000000000        0.000000000000
    0.050000        1.020285806264        0.005048931585
    0.100000        0.967271626276        0.003428053303
    0.150000        0.887142874628       -0.005076200602
    0.200000        0.785883731836       -0.019701300621
    0.250000        0.669541421621       -0.038987360101
    0.300000        0.543975700009       -0.061058037970
    0.350000        0.414597364986       -0.083889171750
    0.400000        0.286169797266       -0.105539580608
    0.450000        0.162689368849       -0.124326271262
    0.500000        0.047339958185       -0.138937122637
    0.550000       -0.057492057643       -0.148483684387
    0.600000       -0.150159055452       -0.152503408548
    0.650000       -0.229666084314       -0.150924127258
    0.700000       -0.295571641469       -0.144004316722
    0.750000       -0.347886371886       -0.132261420085
    0.800000       -0.386977451976       -0.116398074915
    0.850000       -0.413483389878       -0.097233228909
    0.900000       -0.428241475914       -0.075642364311
    0.950000       -0.432228243463       -0.052508717641
    1.000000       -0.426512041045       -0.028685630591
    1.050000       -0.412216091386       -0.004969021763
    1.100000       -0.390490109820        0.017921637909
    1.150000       -0.362488551579        0.039355642462
    1.200000       -0.329353744777        0.058798337050
    1.250000       -0.292202453010        0.075814752357
    1.300000       -0.252114732592        0.090070598708
    1.350000       -0.210124261683        0.101331272226
    1.400000       -0.167209597781        0.109459228485
    1.450000       -0.124286055465        0.114409871914
    1.500000       -0.082198085089        0.116225997655
    1.550000       -0.041712176959        0.115030795883
    1.600000       -0.003510417467        0.111019465871
    1.650000        0.031815112513        0.104449562541
    1.700000        0.063766876958        0.095630286888
    1.750000        0.091945141836        0.084911012321
    1.800000        0.116049755006        0.072669397135
    1.850000        0.135880298036        0.059299461086
    1.900000        0.151334516642        0.045200000457
    1.950000        0.162405001484        0.030763684488
    2.000000        0.169174158020        0.016367123865
    2.050000        0.171807568346        0.002362137199
    2.100000        0.170545905676       -0.010931627810
    2.150000        0.165695610775       -0.023232628805
    2.200000        0.157618577577       -0.034301889098
    2.250000        0.146721121794       -0.043946004489
    2.300000        0.133442521407       -0.052018757020
    2.350000        0.118243422062       -0.058421425879
    2.400000        0.101594394388       -0.063101907019
    2.450000        0.083964915069       -0.066052767574
    2.500000        0.065813020364       -0.067308370789
    2.550000        0.047575850966       -0.066941213228
    2.600000        0.029661271906       -0.065057619586
    2.650000        0.012440712138       -0.061792941987
    2.700000       -0.003756673019       -0.057306410301
    2.750000       -0.018648455819       -0.051775777633
    2.800000       -0.032001987444       -0.045391900465
    2.850000       -0.043636067553       -0.038353385621
    2.900000       -0.053421289241       -0.030861426294
    2.950000       -0.061279148577       -0.023114936749
    3.000000       -0.067180034500       -0.015306080412
    3.050000       -0.071140235634       -0.007616269363
    3.100000       -0.073218115144       -0.000212695402
    3.150000       -0.073509613329        0.006754565323
    3.200000       -0.072143240492        0.013154849951
    3.250000       -0.069274720414        0.018878601429
    3.300000       -0.065081438197        0.023838463694
    3.350000       -0.059756836273        0.027969800598
    3.400000       -0.053504889820        0.031230670785
    3.450000       -0.046534778483        0.033601299781
    3.500000       -0.039055856024        0.035083097606
    3.550000       -0.031273003674        0.035697275440
    3.600000       -0.023382437246        0.035483118593
    3.650000       -0.015568022584        0.034495975352
    3.700000       -0.007998139025        0.032805022534
    3.750000       -0.000823116291        0.030490868846
    3.800000        0.005826743268        0.027643056481
    3.850000        0.011842557845        0.024357519939
    3.900000        0.017137687351        0.020734058729
    3.950000        0.021648005994        0.016873877433
    4.000000        0.025331659479        0.012877242616
    4.050000        0.028168348636        0.008841301203
    4.100000        0.030158188582        0.004858099332
    4.150000        0.031320198486        0.001012834427
    4.200000        0.031690481376       -0.002617633643
    4.250000        0.031320156354       -0.005965993604
    4.300000        0.030273106882       -0.008975404700
    4.350000        0.028623608611       -0.011600125494
    4.400000        0.026453898556       -0.013805852678
    4.450000        0.023851744440       -0.015569779620
    4.500000        0.020908068847       -0.016880390498
    4.550000        0.017714677646       -0.017737011109
    4.600000        0.014362136206       -0.018149141957
    4.650000        0.010937830339       -0.018135602705
    4.700000        0.007524241994       -0.017723519675
    4.750000        0.004197462604       -0.016947189706
    4.800000        0.001025959917       -0.015846854370
    4.850000       -0.001930392803       -0.014467418388
    4.900000       -0.004621022864       -0.012857145109
    4.950000       -0.007005103346       -0.011066360260
    5.000000       -0.009051746768       -0.009146192884
    5.050000       -0.010739961527       -0.007147379604
    5.100000       -0.012058389662       -0.005119155120
    5.150000       -0.013004847963       -0.003108248407
    5.200000       -0.013585697241       -0.001158000328
    5.250000       -0.013815066534        0.000692385372
    5.300000       -0.013713960310        0.002408449586
    5.350000       -0.013309277261        0.003960939454
    5.400000       -0.012632769146        0.005326123266
    5.450000       -0.011719967416        0.006485961190
    5.500000       -0.010609104018        0.007428137467
    5.550000       -0.009340050993        0.008145962436
    5.600000       -0.007953301256        0.008638155154
    5.650000       -0.006489010389        0.008908519324
    5.700000       -0.004986116470        0.008965526847
    5.750000       -0.003481551969        0.008821824388
    5.800000       -0.002009558648        0.008493679109
    5.850000       -0.000601113310        0.008000379993
    5.900000        0.000716530831        0.007363611079
    5.950000        0.001920185312        0.006606812505
    6.000000        0.002990951042        0.005754544453
    6.050000        0.003914329865        0.004831868016
    6.100000        0.004680228803        0.003863755718
    6.150000        0.005282864731        0.002874542874
    6.200000        0.005720578896        0.001887429366
    6.250000        0.005995572007        0.000924039586
    6.300000        0.006113571675        0.000004046535
    6.350000        0.006083444582       -0.000855135788
    6.400000        0.005916766153       -0.001638589390
    6.450000        0.005627360501       -0.002334058060
    6.500000        0.005230823162       -0.002932042950
    6.550000        0.004744038634       -0.003425830500
    6.600000        0.004184703952       -0.003811456567
    6.650000        0.003570868617       -0.004087611799
    6.700000        0.002920500039       -0.004255494269
    6.750000        0.002251082479       -0.004318616168
    6.800000        0.001579256066       -0.004282571918
    6.850000        0.000920501164       -0.004154775438
    6.900000        0.000288871905       -0.003944174494
    6.950000       -0.000303218649       -0.003660949997
    7.000000       -0.000845160615       -0.003316207987
    7.050000       -0.001328256809       -0.002921671629
    7.100000       -0.001745781032       -0.002489380092
    7.150000       -0.002092987500       -0.002031400560
    7.200000       -0.002367074743       -0.001559558908
    7.250000       -0.002567108091       -0.001085193784
    7.300000       -0.002693905487       -0.000618938019
    7.350000       -0.002749891862       -0.000170530376
    7.400000       -0.002738927646        0.000251340185
    7.450000       -0.002666117145        0.000639156469
    7.500000       -0.002537602598        0.000986660768
    7.550000       -0.002360349582        0.001288908712
    7.600000       -0.002141929260        0.001542290325
    7.650000       -0.001890302623        0.001744520032
    7.700000       -0.001613611467        0.001894597920
    7.750000       -0.001319980345        0.001992745074
    7.800000       -0.001017333193        0.002040316159
    7.850000       -0.000713227719        0.002039692742
    7.900000       -0.000414710035        0.001994161018
    7.950000       -0.000128191353        0.001907777729
    8.000000        0.000140652035        0.001785228045
