   12.45538775  2.89715735e-01
   12.45538775  2.28363220e-01
   12.74649469  8.97883651e-02
   12.74649469  4.00667327e-01
   13.02128402  1.36613550e-01
   13.02128402  1.80152990e-01
   13.28051571  8.08059738e-02
   13.28051571  9.73357053e-02
   13.52493458  4.65592875e-02
   13.52493458  4.84153098e-02
   13.75527474  2.49639086e-02
   13.75527474  2.49343827e-02
   13.97225932  1.31953880e-02
   13.97225932  1.31554892e-02
   14.17659717  7.09999565e-03
   14.17659717  7.03676178e-03
   14.36898653  3.90063916e-03
   14.36898653  3.84878739e-03
   14.55014412  2.17869197e-03
   14.55014412  2.17555737e-03
   14.72081338  1.25693517e-03
   14.72081338  1.25398815e-03
   14.88174634  7.41631761e-04
   14.88174634  7.44886137e-04
   15.03372848  4.51506193e-04
   15.03372848  4.51622323e-04
   15.17754240  2.81376495e-04
   15.17754240  2.81150515e-04
   15.31394916  1.79224274e-04
   15.31394916  1.79473940e-04
   15.44365067  1.17086965e-04
   15.44365067  1.16692738e-04
   15.56727780  7.76525378e-05
   15.56727780  7.78106343e-05
   15.68539056  5.26575823e-05
   15.68539056  5.26598663e-05
   15.79848441  3.61882956e-05
   15.79848441  3.63886219e-05
   15.90699940  2.53874286e-05
   15.90699940  2.54196978e-05
   16.01132072  1.80631687e-05
   16.01132072  1.80197217e-05
   16.11177279  1.29939365e-05
   16.11177279  1.29700844e-05
   16.20861517  9.45909310e-06
   16.20861517  9.44743548e-06
   16.30204483  6.95790568e-06
   16.30204483  6.95912858e-06
   16.39219889  5.18403214e-06
   16.39219889  5.16140423e-06
   16.47915982  3.88243120e-06
   16.47915982  3.87800499e-06
   16.56298014  2.93589908e-06
   16.56298014  2.93690868e-06
   16.64378562  2.22994345e-06
   16.64378562  2.26396085e-06
   16.72227678  1.75793216e-06
   16.72227678  1.76085880e-06
   16.80071325  1.43556682e-06
   16.80071325  1.43402451e-06
   16.88251654  1.20499560e-06
   16.88251654  1.20375318e-06
   16.96991759  1.00365603e-06
   16.96991759  1.00694603e-06
   17.06332025  8.19135451e-07
   17.06332025  8.21682937e-07
   17.16236734  6.53155771e-07
   17.16236734  6.54727598e-07
   17.26661990  5.11069750e-07
   17.26661990  5.10145776e-07
   17.37571815  3.92337526e-07
   17.37571815  3.90907314e-07
   17.48938458  2.95344244e-07
   17.48938458  2.95968611e-07
   17.60740379  2.20162463e-07
   17.60740379  2.19934631e-07
   17.72960459  1.61745442e-07
   17.72960459  1.61554611e-07
   17.85584861  1.17356509e-07
   17.85584861  1.17281122e-07
   17.98602102  8.41643320e-08
   17.98602102  8.42036448e-08
   18.12002511  5.97877095e-08
   18.12002511  5.97412379e-08
   18.25777854  4.20044351e-08
   18.25777854  4.19948896e-08
   18.39921010  2.92320389e-08
   18.39921010  2.92304529e-08
   18.54425767  2.01604229e-08
   18.54425767  2.01544892e-08
   18.69286632  1.37784467e-08
   18.69286632  1.37769087e-08
   18.84498738  9.33698076e-09
   18.84498738  9.33741757e-09
   19.00057756  6.27588257e-09
   19.00057756  6.27648217e-09
   19.15959754  4.18522980e-09
   19.15959754  4.18561300e-09
   19.32201180  2.76977248e-09
   19.32201180  2.77000311e-09
   19.48778837  1.81961997e-09
   19.48778837  1.81954941e-09
   19.65689781  1.18675609e-09
   19.65689781  1.18682238e-09
   19.82931296  7.68704305e-10
   19.82931296  7.68722084e-10
   20.00500918  4.94582640e-10
   20.00500918  4.94583280e-10
   20.18396364  3.16155413e-10
   20.18396364  3.16149276e-10
   20.36615492  2.00835789e-10
   20.36615492  2.00831824e-10
   20.55156339  1.26814008e-10
   20.55156339  1.26812407e-10
   20.74017085  7.96148010e-11
   20.74017085  7.96153552e-11
   20.93196001  4.97120294e-11
   20.93196001  4.97114110e-11
   21.12691482  3.08813678e-11
   21.12691482  3.08814336e-11
   21.32502047  1.90929328e-11
   21.32502047  1.90929510e-11
   21.52626271  1.17536245e-11
   21.52626271  1.17536352e-11
   21.73062819  7.20771061e-12
   21.73062819  7.20772386e-12
   21.93810462  4.40524811e-12
   21.93810462  4.40526512e-12
   22.14868008  2.68487021e-12
   22.14868008  2.68486896e-12
   22.36234327  1.63255969e-12
   22.36234327  1.63255934e-12
