   12.35232438  8.93897467e-01
   12.35232438  8.85117166e-01
   12.57924945  6.92085686e-02
   12.57924945  6.90687715e-02
   13.18914599  2.89326114e-04
   13.18914599  3.10237067e-04
   13.81917311  1.34677953e-05
   13.81917311  1.29667087e-05
   14.36114142  3.82911578e-06
   14.36114142  3.31577083e-06
   14.70073925  6.84375931e-03
   14.70073925  6.84547183e-03
   14.80995987  7.36972147e-09
   14.80995987  4.45064830e-06
   15.18501477  9.94640741e-09
   15.18501477  8.19606484e-09
   15.50813715  4.32874566e-10
   15.50813715  1.67149414e-10
   15.79410214  6.66711244e-11
   16.05222404  3.56256118e-11
   16.05222404  1.42883867e-11
   16.28708799  3.89341009e-11
   16.28708799  3.92855775e-11
   16.49864085  4.22901861e-11
   16.49864085  7.14853965e-11
   16.68471202  6.80347043e-11
   16.68471202  7.18634072e-11
   16.84409904  5.35849888e-11
   16.84409904  9.73709684e-11
   16.97767215  5.92381101e-11
   16.97767215  8.98420128e-11
   17.08804958  1.20218531e-10
   17.08804958  1.89802536e-11
   17.17882086  1.77041189e-11
   17.17882086  1.08264445e-10
   17.25384431  6.39544871e-11
   17.25384431  4.86787106e-11
   17.31666278  3.18703448e-11
   17.31666278  6.88911716e-11
   17.37021437  3.46332202e-11
   17.37021437  5.61721290e-11
   17.41674848  5.53496933e-12
   17.41674848  7.70825002e-11
   17.45789186  6.37258046e-12
   17.45789186  6.94106090e-11
   17.49478534  5.36179669e-11
   17.49478534  1.62172013e-11
   17.52826101  5.52035686e-11
   17.52826101  1.02972924e-11
   17.55935811  2.74547391e-11
   17.55935811  3.32549833e-11
   17.59136851  2.44331967e-11
   17.59136851  5.18582711e-11
   17.62894054  4.83504268e-11
   17.62894054  2.74269163e-11
   17.67620029  6.11140963e-11
   17.67620029  6.45240318e-11
   17.73562121  6.06104110e-11
   17.73562121  4.44154361e-11
   17.82571774  2.19201688e-10
   17.82571774  6.89814705e-11
   35.45307530  2.05772136e-08
   35.45307530  1.63301907e-08
